,Price,Weight,Type
1461,24000,48000,0
1789,23000,50000,0
3513,37000,72000,1
1665,20000,32000,0
803,24000,48000,0
980,22000,40000,0
338,19000,46000,0
3193,36000,74000,1
1639,16000,36000,0
180,19000,34000,0
2448,38000,84000,1
3968,39000,84000,1
960,22000,44000,0
311,25000,36000,0
2635,36000,68000,1
3792,40000,76000,1
1215,15000,44000,0
2107,38000,76000,1
3691,38000,88000,1
502,26000,44000,0
617,24000,42000,0
1596,21000,34000,0
797,23000,42000,0
1263,22000,48000,0
1900,17000,30000,0
2148,37000,88000,1
3484,37000,68000,1
2209,43000,76000,1
1177,23000,48000,0
2571,38000,72000,1
3428,41000,84000,1
487,22000,42000,0
770,19000,40000,0
1506,23000,36000,0
2011,41000,74000,1
3467,41000,78000,1
3184,42000,74000,1
1904,22000,52000,0
3950,37000,82000,1
1753,24000,48000,0
1835,25000,44000,0
232,21000,40000,0
116,26000,42000,0
3649,37000,74000,1
122,21000,34000,0
820,22000,46000,0
2309,39000,70000,1
1197,26000,38000,0
3511,42000,74000,1
1620,20000,46000,0
2101,36000,74000,1
594,22000,52000,0
2529,39000,68000,1
1438,22000,48000,0
1086,22000,30000,0
2992,42000,78000,1
2927,45000,82000,1
3559,38000,72000,1
3847,37000,86000,1
1099,22000,34000,0
262,23000,30000,0
3543,33000,66000,1
798,17000,40000,0
3186,35000,76000,1
3811,39000,84000,1
3433,39000,82000,1
3708,41000,72000,1
1932,16000,46000,0
2586,37000,76000,1
2969,36000,80000,1
1602,18000,30000,0
3641,38000,88000,1
2922,39000,74000,1
3378,40000,90000,1
1808,26000,44000,0
3654,34000,82000,1
2615,37000,72000,1
1427,25000,44000,0
1256,24000,36000,0
563,22000,42000,0
3723,45000,76000,1
1731,23000,44000,0
962,22000,32000,0
1053,23000,40000,0
103,17000,44000,0
1856,15000,48000,0
1663,21000,46000,0
1295,22000,46000,0
3608,37000,86000,1
2560,38000,78000,1
936,23000,30000,0
586,24000,38000,0
635,21000,42000,0
3323,37000,90000,1
514,24000,52000,0
3863,34000,72000,1
2790,34000,76000,1
1402,26000,44000,0
3965,36000,68000,1
3808,39000,76000,1
381,18000,52000,0
3287,37000,80000,1
3449,38000,88000,1
1866,22000,32000,0
2141,41000,76000,1
935,22000,32000,0
3023,36000,68000,1
2633,33000,66000,1
3249,34000,86000,1
1933,23000,44000,0
1207,20000,48000,0
1195,22000,42000,0
1307,18000,44000,0
1595,23000,30000,0
1573,24000,44000,0
2438,37000,66000,1
3644,38000,70000,1
767,20000,48000,0
2867,37000,84000,1
3946,42000,80000,1
1169,21000,48000,0
1851,22000,46000,0
1884,26000,30000,0
2055,34000,82000,1
2004,37000,74000,1
2878,38000,74000,1
3900,44000,84000,1
1232,21000,42000,0
2116,38000,66000,1
2396,45000,74000,1
1567,16000,40000,0
292,22000,44000,0
2150,36000,66000,1
2685,42000,78000,1
3969,37000,76000,1
1849,26000,46000,0
2798,41000,86000,1
847,23000,30000,0
2217,39000,72000,1
3048,42000,80000,1
1389,23000,42000,0
2902,39000,72000,1
2067,37000,86000,1
3501,38000,74000,1
40,22000,52000,0
2557,36000,78000,1
553,18000,52000,0
1535,22000,48000,0
2897,37000,76000,1
3666,38000,88000,1
3804,38000,86000,1
2213,38000,74000,1
1764,15000,32000,0
3177,40000,78000,1
3636,45000,68000,1
3204,34000,90000,1
3416,40000,86000,1
1261,23000,50000,0
2617,38000,76000,1
213,17000,44000,0
3853,44000,66000,1
120,20000,42000,0
915,21000,34000,0
3037,36000,88000,1
973,19000,38000,0
3960,38000,76000,1
1004,22000,40000,0
2066,45000,72000,1
35,21000,46000,0
486,22000,48000,0
11,19000,32000,0
558,19000,44000,0
3560,43000,78000,1
728,21000,30000,0
1672,24000,48000,0
3461,35000,76000,1
133,24000,32000,0
1435,17000,46000,0
1087,25000,42000,0
49,23000,30000,0
1017,24000,38000,0
3565,38000,88000,1
3272,43000,74000,1
284,22000,44000,0
3611,37000,74000,1
3676,40000,74000,1
2399,33000,72000,1
2280,40000,76000,1
3784,41000,74000,1
2152,42000,72000,1
3896,35000,84000,1
2420,41000,72000,1
1193,25000,42000,0
1525,17000,46000,0
1470,16000,40000,0
2096,38000,72000,1
2382,37000,66000,1
2937,41000,90000,1
2822,41000,76000,1
3663,36000,78000,1
2052,42000,82000,1
3802,35000,78000,1
1487,23000,42000,0
48,23000,32000,0
3463,42000,80000,1
2088,36000,72000,1
308,23000,46000,0
1038,23000,44000,0
3265,38000,74000,1
3456,39000,86000,1
3141,34000,76000,1
1819,21000,42000,0
3712,43000,66000,1
3794,34000,78000,1
1767,18000,46000,0
1243,20000,48000,0
3045,34000,70000,1
3151,41000,88000,1
566,17000,48000,0
3843,39000,80000,1
3155,39000,90000,1
1489,19000,40000,0
3544,33000,72000,1
3656,35000,90000,1
577,22000,44000,0
666,21000,42000,0
643,21000,32000,0
37,21000,44000,0
2511,38000,84000,1
2515,40000,78000,1
3413,41000,76000,1
3878,41000,74000,1
75,22000,48000,0
1847,24000,46000,0
1751,22000,32000,0
2007,41000,84000,1
855,15000,34000,0
2510,38000,76000,1
561,23000,52000,0
118,17000,48000,0
3219,40000,76000,1
2938,34000,84000,1
2270,38000,80000,1
1776,21000,42000,0
1666,22000,40000,0
1542,24000,42000,0
1632,25000,46000,0
1096,24000,50000,0
167,22000,48000,0
3312,33000,78000,1
231,23000,34000,0
1768,26000,52000,0
1853,23000,40000,0
2532,39000,76000,1
2257,36000,80000,1
1790,21000,50000,0
489,21000,50000,0
2591,40000,74000,1
1926,23000,30000,0
2158,35000,72000,1
2650,45000,80000,1
1464,15000,48000,0
3809,38000,80000,1
3547,37000,74000,1
2982,36000,80000,1
1744,24000,32000,0
3043,35000,78000,1
2656,37000,78000,1
689,21000,44000,0
2375,44000,72000,1
1822,18000,44000,0
110,19000,42000,0
2499,33000,80000,1
2144,37000,74000,1
722,19000,48000,0
2230,34000,72000,1
1349,21000,44000,0
3210,35000,78000,1
3196,35000,90000,1
2114,36000,80000,1
2434,40000,76000,1
2686,44000,90000,1
1061,22000,40000,0
1563,23000,46000,0
2450,44000,78000,1
3585,44000,78000,1
3848,41000,86000,1
3296,36000,80000,1
2237,35000,84000,1
2092,37000,72000,1
2944,33000,88000,1
3497,33000,78000,1
1081,18000,44000,0
1872,22000,42000,0
1811,22000,36000,0
1984,21000,46000,0
3317,40000,78000,1
1410,19000,38000,0
946,19000,52000,0
809,16000,42000,0
1833,21000,40000,0
279,23000,40000,0
1060,16000,46000,0
1301,22000,52000,0
1968,22000,36000,0
3316,44000,74000,1
887,21000,46000,0
3018,35000,72000,1
3800,44000,72000,1
3051,40000,72000,1
483,22000,48000,0
3790,37000,66000,1
716,21000,48000,0
3188,44000,66000,1
2327,41000,72000,1
584,23000,40000,0
1670,18000,48000,0
1946,23000,44000,0
647,23000,36000,0
1619,20000,30000,0
772,23000,46000,0
2484,40000,78000,1
3395,37000,74000,1
1078,24000,50000,0
115,15000,52000,0
605,23000,46000,0
539,20000,44000,0
2980,37000,80000,1
686,22000,42000,0
1645,24000,42000,0
2581,39000,88000,1
2916,37000,78000,1
2524,40000,82000,1
2679,33000,84000,1
2218,38000,80000,1
3629,45000,76000,1
2791,38000,74000,1
690,24000,42000,0
1653,23000,34000,0
438,16000,34000,0
2140,41000,74000,1
1003,20000,32000,0
2887,44000,74000,1
3682,42000,72000,1
156,18000,42000,0
2483,40000,74000,1
3978,44000,66000,1
2728,33000,66000,1
1763,15000,34000,0
3498,35000,72000,1
3768,33000,90000,1
1600,20000,46000,0
447,22000,40000,0
2812,44000,72000,1
1167,21000,32000,0
3341,37000,70000,1
3963,37000,74000,1
83,22000,48000,0
3775,38000,86000,1
748,25000,46000,0
1327,22000,44000,0
3113,37000,72000,1
957,25000,46000,0
2706,41000,74000,1
3412,38000,90000,1
2619,45000,84000,1
333,22000,48000,0
1664,22000,36000,0
2827,38000,82000,1
3662,37000,74000,1
92,17000,30000,0
1290,23000,40000,0
3387,40000,76000,1
3625,40000,68000,1
706,22000,42000,0
3066,36000,88000,1
3751,38000,74000,1
2621,40000,70000,1
1411,22000,34000,0
1088,20000,32000,0
3379,33000,82000,1
21,20000,32000,0
2168,39000,82000,1
440,24000,52000,0
1445,20000,44000,0
1539,20000,40000,0
2717,42000,80000,1
1558,22000,32000,0
3786,38000,70000,1
352,22000,32000,0
600,24000,32000,0
2513,40000,90000,1
2665,45000,66000,1
1029,21000,50000,0
247,23000,46000,0
1046,26000,46000,0
3015,37000,72000,1
3371,38000,74000,1
1163,25000,46000,0
2479,34000,86000,1
684,16000,42000,0
283,19000,40000,0
646,23000,46000,0
1332,23000,42000,0
2875,44000,72000,1
229,20000,46000,0
2084,43000,72000,1
899,20000,50000,0
997,19000,40000,0
2996,33000,68000,1
1760,22000,42000,0
1830,15000,40000,0
2306,37000,88000,1
157,24000,46000,0
2436,37000,86000,1
1874,24000,44000,0
3949,44000,76000,1
242,22000,40000,0
3247,44000,66000,1
1508,22000,44000,0
2548,35000,76000,1
1303,21000,46000,0
995,16000,52000,0
258,22000,48000,0
2930,36000,74000,1
3500,41000,90000,1
1779,21000,52000,0
1058,17000,46000,0
3757,39000,80000,1
1000,22000,42000,0
3857,37000,74000,1
1721,25000,32000,0
2760,40000,82000,1
2939,43000,82000,1
3256,40000,86000,1
78,23000,46000,0
1284,23000,40000,0
263,19000,48000,0
701,23000,48000,0
101,21000,46000,0
591,22000,44000,0
3167,44000,76000,1
2206,37000,72000,1
1791,26000,52000,0
1297,15000,46000,0
1120,21000,42000,0
705,23000,40000,0
2408,39000,86000,1
1650,22000,52000,0
898,24000,44000,0
1219,19000,48000,0
206,23000,42000,0
1006,22000,52000,0
3683,38000,70000,1
1806,18000,48000,0
3471,33000,74000,1
3624,45000,80000,1
1931,21000,40000,0
1079,19000,42000,0
3658,39000,84000,1
2354,38000,74000,1
813,20000,36000,0
271,22000,46000,0
1875,22000,44000,0
295,19000,42000,0
2268,38000,78000,1
2374,37000,82000,1
2628,38000,82000,1
562,21000,42000,0
572,20000,48000,0
2627,44000,68000,1
2748,38000,84000,1
2492,36000,84000,1
2620,38000,74000,1
3495,39000,78000,1
1460,25000,44000,0
3260,34000,74000,1
1644,21000,46000,0
1199,21000,30000,0
3615,38000,88000,1
1837,21000,44000,0
667,23000,48000,0
811,24000,42000,0
2789,41000,86000,1
1728,24000,42000,0
3103,40000,74000,1
1782,22000,32000,0
135,24000,46000,0
71,22000,48000,0
805,19000,44000,0
1698,18000,52000,0
2048,37000,80000,1
3879,37000,76000,1
3213,37000,82000,1
69,22000,44000,0
802,23000,48000,0
1546,21000,52000,0
527,21000,44000,0
2556,33000,82000,1
3858,38000,72000,1
23,17000,32000,0
334,21000,48000,0
3829,39000,72000,1
1322,22000,42000,0
516,24000,46000,0
1472,25000,46000,0
1365,23000,38000,0
1638,18000,46000,0
170,22000,46000,0
1531,25000,34000,0
1052,26000,42000,0
1907,21000,44000,0
496,21000,38000,0
2244,38000,82000,1
220,20000,42000,0
2787,40000,76000,1
1134,21000,46000,0
1491,19000,34000,0
2618,40000,84000,1
2631,37000,80000,1
3542,38000,78000,1
862,22000,46000,0
1905,24000,44000,0
786,25000,46000,0
650,21000,48000,0
880,17000,30000,0
1784,23000,46000,0
2910,45000,74000,1
3302,38000,90000,1
2359,45000,86000,1
165,26000,30000,0
361,19000,36000,0
1943,21000,48000,0
257,21000,46000,0
1082,16000,50000,0
1289,15000,52000,0
632,21000,48000,0
1934,16000,30000,0
3101,42000,76000,1
1978,21000,50000,0
3156,43000,78000,1
2842,45000,66000,1
2468,36000,80000,1
3573,37000,72000,1
3549,41000,80000,1
2008,42000,80000,1
2443,38000,84000,1
291,25000,32000,0
3254,33000,72000,1
113,19000,44000,0
3680,36000,74000,1
2737,38000,66000,1
834,19000,30000,0
3386,36000,78000,1
1412,24000,46000,0
2788,38000,80000,1
2799,37000,86000,1
2906,37000,74000,1
3952,40000,70000,1
3148,35000,80000,1
3918,40000,82000,1
2670,43000,70000,1
3301,38000,90000,1
3026,33000,76000,1
3541,37000,72000,1
883,19000,42000,0
3734,38000,76000,1
3714,45000,82000,1
3070,33000,76000,1
3906,38000,68000,1
2973,40000,80000,1
3551,45000,80000,1
511,16000,50000,0
2816,39000,78000,1
1151,22000,48000,0
964,20000,46000,0
856,19000,42000,0
332,23000,42000,0
1951,24000,42000,0
3095,35000,78000,1
2940,45000,80000,1
3812,44000,70000,1
450,24000,36000,0
1623,22000,44000,0
1363,15000,42000,0
1794,16000,44000,0
2295,35000,72000,1
298,23000,32000,0
2320,38000,80000,1
2963,34000,80000,1
1915,15000,34000,0
3448,36000,74000,1
810,21000,50000,0
783,21000,52000,0
3474,41000,78000,1
2613,42000,72000,1
912,24000,50000,0
2191,33000,74000,1
3480,44000,74000,1
3934,36000,82000,1
3859,34000,84000,1
2495,40000,76000,1
1530,24000,44000,0
680,19000,50000,0
3717,43000,76000,1
1662,15000,42000,0
17,21000,40000,0
473,17000,40000,0
1075,26000,46000,0
3518,37000,70000,1
3889,43000,68000,1
2326,41000,66000,1
940,22000,34000,0
1063,23000,40000,0
2849,37000,72000,1
325,18000,36000,0
3974,37000,86000,1
3881,41000,88000,1
2330,35000,68000,1
893,23000,40000,0
2480,42000,76000,1
3633,40000,66000,1
2005,39000,88000,1
3733,34000,74000,1
2605,37000,76000,1
791,20000,48000,0
3105,40000,76000,1
3893,37000,82000,1
2305,39000,76000,1
2260,39000,78000,1
123,22000,42000,0
3998,36000,74000,1
2017,41000,72000,1
1593,23000,42000,0
2647,37000,76000,1
3924,36000,90000,1
141,23000,46000,0
927,16000,44000,0
1873,25000,38000,0
1463,22000,30000,0
3951,36000,66000,1
3368,37000,84000,1
2768,43000,72000,1
1615,16000,40000,0
1716,24000,44000,0
3436,38000,76000,1
1045,22000,40000,0
1846,24000,44000,0
1191,24000,30000,0
2530,38000,88000,1
2942,38000,80000,1
402,23000,50000,0
2103,45000,76000,1
2343,40000,72000,1
3584,42000,88000,1
606,17000,46000,0
2215,36000,82000,1
2641,39000,74000,1
923,24000,50000,0
1925,21000,42000,0
1416,23000,42000,0
3011,38000,70000,1
80,24000,36000,0
105,22000,52000,0
3657,35000,90000,1
2082,37000,78000,1
2602,35000,66000,1
139,24000,44000,0
3959,37000,72000,1
1559,18000,44000,0
1733,22000,40000,0
1722,16000,46000,0
2283,37000,74000,1
1772,20000,44000,0
3850,38000,84000,1
1527,25000,30000,0
20,22000,44000,0
1204,21000,34000,0
3831,40000,74000,1
86,19000,44000,0
3347,40000,90000,1
3306,36000,78000,1
112,15000,36000,0
517,20000,46000,0
2331,39000,76000,1
3119,39000,80000,1
2634,39000,90000,1
3638,37000,78000,1
3132,33000,72000,1
3089,34000,72000,1
3079,39000,88000,1
423,22000,42000,0
2112,39000,72000,1
44,24000,52000,0
3108,41000,70000,1
2735,38000,86000,1
1770,17000,44000,0
744,24000,30000,0
3668,40000,68000,1
2503,38000,84000,1
1498,23000,42000,0
391,22000,44000,0
2013,43000,84000,1
3830,42000,70000,1
2742,37000,66000,1
3749,40000,74000,1
3100,35000,74000,1
2672,45000,74000,1
1051,16000,48000,0
1180,23000,46000,0
2848,38000,72000,1
654,26000,46000,0
2083,38000,70000,1
3825,35000,82000,1
3064,41000,66000,1
823,21000,42000,0
3980,39000,70000,1
1080,26000,40000,0
2387,38000,72000,1
1244,22000,38000,0
1690,21000,46000,0
3046,44000,78000,1
1746,22000,48000,0
452,20000,40000,0
1696,22000,34000,0
43,16000,46000,0
3376,45000,76000,1
3311,38000,72000,1
848,21000,46000,0
3076,39000,86000,1
2223,37000,70000,1
3373,34000,88000,1
578,23000,46000,0
1026,16000,48000,0
3694,41000,74000,1
3600,40000,74000,1
2424,37000,74000,1
2623,39000,90000,1
1150,16000,46000,0
3614,37000,72000,1
357,26000,46000,0
68,23000,38000,0
3674,36000,78000,1
2771,37000,76000,1
982,24000,38000,0
2012,33000,78000,1
3419,44000,82000,1
2058,42000,80000,1
1729,24000,42000,0
1456,26000,40000,0
1170,22000,38000,0
3452,39000,82000,1
3280,44000,74000,1
2736,45000,72000,1
1838,24000,52000,0
3760,38000,74000,1
1643,23000,46000,0
15,17000,44000,0
1370,20000,44000,0
1826,26000,42000,0
2792,37000,82000,1
3053,37000,88000,1
1324,20000,36000,0
614,19000,34000,0
2153,37000,76000,1
1354,24000,44000,0
1254,15000,30000,0
2236,38000,80000,1
764,26000,40000,0
2896,38000,80000,1
3444,37000,78000,1
3930,39000,68000,1
3056,39000,74000,1
3556,34000,80000,1
2170,39000,74000,1
3530,40000,74000,1
2031,37000,76000,1
2732,38000,72000,1
1921,20000,32000,0
3464,37000,72000,1
3130,40000,78000,1
32,16000,30000,0
3598,43000,86000,1
1127,22000,40000,0
2192,37000,78000,1
3278,45000,86000,1
3948,37000,72000,1
1649,24000,44000,0
2485,38000,74000,1
3276,36000,74000,1
2657,40000,76000,1
3356,37000,78000,1
1331,22000,44000,0
2998,33000,82000,1
339,25000,34000,0
2687,45000,82000,1
2248,37000,80000,1
1236,17000,46000,0
589,21000,50000,0
2544,39000,74000,1
3864,37000,86000,1
1002,23000,30000,0
3660,36000,76000,1
3652,37000,78000,1
510,17000,42000,0
1083,23000,42000,0
3361,38000,72000,1
3123,38000,76000,1
2703,36000,72000,1
1162,21000,40000,0
3962,35000,90000,1
2551,40000,78000,1
209,22000,36000,0
1383,16000,34000,0
599,22000,46000,0
2360,41000,76000,1
2290,34000,76000,1
874,19000,30000,0
3635,36000,80000,1
1317,21000,36000,0
1555,23000,50000,0
1809,25000,44000,0
623,21000,36000,0
1998,23000,40000,0
216,23000,44000,0
3061,40000,88000,1
3908,39000,74000,1
224,22000,46000,0
3081,44000,66000,1
223,23000,44000,0
1621,15000,30000,0
344,24000,46000,0
254,23000,40000,0
1217,15000,32000,0
2464,43000,90000,1
2596,41000,74000,1
472,15000,52000,0
1369,18000,44000,0
1160,18000,48000,0
435,25000,52000,0
3566,36000,78000,1
2089,38000,82000,1
3041,41000,76000,1
1861,20000,40000,0
3716,37000,78000,1
386,20000,44000,0
520,20000,32000,0
3554,37000,74000,1
3069,45000,74000,1
1174,22000,48000,0
3264,36000,66000,1
3772,45000,86000,1
842,22000,48000,0
3308,35000,82000,1
1839,24000,36000,0
2310,40000,74000,1
88,20000,42000,0
3572,33000,70000,1
808,20000,50000,0
1843,23000,46000,0
1824,21000,32000,0
974,20000,48000,0
3140,36000,84000,1
1440,24000,38000,0
1724,21000,42000,0
530,25000,32000,0
3648,36000,70000,1
3713,38000,74000,1
1428,23000,42000,0
3540,36000,80000,1
2552,35000,80000,1
2188,38000,88000,1
1462,21000,42000,0
13,26000,46000,0
1677,23000,36000,0
2405,34000,82000,1
902,15000,46000,0
3144,39000,72000,1
1391,24000,40000,0
1495,23000,34000,0
1203,22000,32000,0
1642,20000,42000,0
3884,37000,76000,1
775,23000,44000,0
2722,37000,74000,1
240,26000,52000,0
827,17000,36000,0
1362,18000,46000,0
2183,38000,84000,1
1607,22000,50000,0
152,22000,38000,0
1706,26000,40000,0
2040,36000,74000,1
1613,19000,52000,0
3687,38000,80000,1
3991,36000,90000,1
3091,45000,70000,1
3080,43000,76000,1
148,15000,48000,0
217,17000,40000,0
3824,43000,72000,1
461,26000,46000,0
1072,25000,30000,0
131,26000,46000,0
875,20000,44000,0
2660,37000,80000,1
2720,36000,68000,1
1777,21000,40000,0
3006,38000,80000,1
634,15000,30000,0
3958,42000,76000,1
471,17000,48000,0
3535,44000,84000,1
1366,15000,48000,0
3505,36000,76000,1
752,26000,50000,0
838,21000,34000,0
1434,23000,44000,0
1346,21000,32000,0
2785,39000,82000,1
851,15000,46000,0
1032,23000,44000,0
266,20000,42000,0
3964,37000,78000,1
3384,38000,70000,1
3406,38000,84000,1
2497,36000,74000,1
540,20000,40000,0
1209,24000,34000,0
2205,34000,70000,1
3730,40000,66000,1
2828,36000,78000,1
2879,36000,80000,1
3791,38000,72000,1
481,26000,30000,0
889,22000,42000,0
830,20000,32000,0
1359,16000,32000,0
2648,36000,82000,1
1396,20000,46000,0
1954,17000,48000,0
2731,38000,82000,1
1831,24000,46000,0
94,20000,48000,0
186,22000,42000,0
2780,39000,74000,1
3424,36000,78000,1
3509,37000,88000,1
370,25000,38000,0
1375,26000,48000,0
2425,40000,84000,1
350,23000,34000,0
1234,22000,44000,0
2065,37000,72000,1
3125,37000,90000,1
3090,42000,86000,1
3618,40000,72000,1
3483,39000,80000,1
1019,22000,40000,0
1569,15000,38000,0
3911,38000,66000,1
768,22000,40000,0
1551,23000,36000,0
1781,23000,40000,0
2974,41000,66000,1
3782,41000,78000,1
2603,42000,66000,1
2278,37000,76000,1
57,26000,52000,0
3539,39000,70000,1
3607,36000,90000,1
1156,23000,52000,0
3339,37000,74000,1
2303,43000,74000,1
2966,34000,72000,1
2981,37000,90000,1
2109,43000,78000,1
2481,34000,88000,1
2251,39000,74000,1
2069,38000,76000,1
2926,45000,74000,1
1157,20000,36000,0
2249,41000,74000,1
2355,40000,76000,1
1804,19000,38000,0
2776,34000,78000,1
1717,24000,46000,0
458,20000,46000,0
3695,37000,68000,1
2756,41000,90000,1
1040,21000,34000,0
18,18000,38000,0
1734,16000,48000,0
739,24000,42000,0
3005,38000,90000,1
2975,42000,72000,1
3078,39000,76000,1
508,22000,38000,0
1754,18000,30000,0
1745,23000,44000,0
