,Price,Weight,Type
1037,17000,48000,0
222,24000,40000,0
1592,24000,46000,0
3398,41000,74000,1
3705,43000,68000,1
2676,43000,80000,1
3814,40000,84000,1
2311,41000,68000,1
2983,45000,74000,1
2418,45000,74000,1
1548,22000,46000,0
933,22000,42000,0
863,21000,42000,0
3841,38000,76000,1
63,21000,32000,0
260,19000,34000,0
3756,40000,90000,1
2639,40000,78000,1
3577,35000,76000,1
1466,24000,40000,0
829,22000,44000,0
836,18000,34000,0
1740,22000,42000,0
47,22000,32000,0
2950,37000,82000,1
3686,43000,66000,1
575,16000,46000,0
384,23000,48000,0
2127,40000,78000,1
3901,36000,72000,1
1865,25000,48000,0
2225,35000,82000,1
1997,21000,50000,0
3832,37000,72000,1
3874,39000,80000,1
1659,24000,42000,0
1033,17000,44000,0
3159,44000,76000,1
3799,40000,82000,1
1693,24000,42000,0
3259,37000,86000,1
2321,37000,76000,1
1275,23000,40000,0
858,25000,52000,0
429,16000,48000,0
76,24000,44000,0
204,23000,42000,0
688,25000,38000,0
1342,25000,50000,0
1940,17000,46000,0
3282,33000,74000,1
1394,18000,44000,0
1475,18000,48000,0
612,23000,36000,0
2412,38000,72000,1
3919,33000,78000,1
319,21000,42000,0
543,21000,50000,0
990,24000,44000,0
1334,22000,40000,0
2344,41000,82000,1
1484,26000,42000,0
1333,21000,38000,0
2131,38000,90000,1
3359,35000,74000,1
1860,24000,44000,0
2211,39000,80000,1
3926,42000,72000,1
2694,38000,66000,1
2874,38000,66000,1
2175,37000,74000,1
2757,45000,72000,1
1245,20000,44000,0
3558,36000,76000,1
1109,25000,48000,0
3503,38000,80000,1
2753,35000,84000,1
3421,38000,80000,1
3956,33000,68000,1
1100,23000,32000,0
2772,40000,80000,1
2797,35000,82000,1
1985,20000,46000,0
956,20000,30000,0
3077,42000,82000,1
93,16000,52000,0
2935,38000,80000,1
2684,44000,88000,1
1869,24000,44000,0
1414,15000,30000,0
3364,45000,78000,1
1536,23000,40000,0
1228,26000,44000,0
3118,44000,66000,1
1118,21000,48000,0
3957,37000,84000,1
373,21000,52000,0
2893,44000,66000,1
2841,38000,78000,1
1257,20000,44000,0
3856,44000,72000,1
1797,21000,38000,0
2367,38000,80000,1
2172,44000,86000,1
3688,45000,90000,1
377,18000,44000,0
1205,23000,42000,0
1431,22000,46000,0
64,24000,46000,0
2693,33000,74000,1
2521,38000,74000,1
2316,39000,78000,1
304,16000,30000,0
3190,39000,74000,1
2830,34000,74000,1
627,22000,44000,0
3942,43000,70000,1
1967,18000,44000,0
245,23000,48000,0
2130,42000,80000,1
3014,33000,70000,1
3877,40000,84000,1
2564,40000,76000,1
3761,40000,86000,1
598,24000,30000,0
3468,38000,84000,1
3888,41000,66000,1
1340,24000,48000,0
3034,36000,84000,1
593,22000,40000,0
3727,45000,72000,1
2915,40000,80000,1
1640,23000,48000,0
2945,38000,80000,1
434,21000,44000,0
1107,15000,44000,0
3109,41000,68000,1
3738,45000,78000,1
3789,41000,72000,1
1574,17000,34000,0
3838,36000,80000,1
3769,38000,72000,1
882,20000,38000,0
1098,19000,46000,0
2433,39000,72000,1
1799,16000,42000,0
2758,38000,86000,1
3185,39000,82000,1
2163,42000,72000,1
343,20000,42000,0
3355,34000,70000,1
3007,34000,76000,1
3172,36000,72000,1
301,21000,40000,0
1415,24000,40000,0
1343,16000,44000,0
2430,42000,80000,1
498,23000,42000,0
1549,16000,42000,0
3162,38000,74000,1
1458,15000,48000,0
2456,38000,72000,1
1452,21000,40000,0
1599,23000,42000,0
3692,37000,88000,1
3740,37000,82000,1
737,19000,34000,0
414,21000,44000,0
51,21000,48000,0
3719,40000,74000,1
2834,39000,82000,1
3481,37000,72000,1
2210,41000,74000,1
2709,45000,78000,1
1807,24000,42000,0
1973,16000,36000,0
1035,20000,30000,0
158,24000,38000,0
2363,37000,74000,1
2952,38000,88000,1
2840,37000,68000,1
2349,38000,82000,1
2599,41000,76000,1
1631,18000,30000,0
149,21000,52000,0
2413,40000,66000,1
3970,36000,88000,1
3257,37000,68000,1
130,24000,44000,0
2936,36000,76000,1
330,23000,30000,0
1732,23000,46000,0
1208,23000,44000,0
3021,37000,70000,1
2242,35000,86000,1
1269,16000,40000,0
3422,38000,74000,1
641,21000,46000,0
905,21000,44000,0
683,21000,30000,0
961,25000,48000,0
3485,37000,78000,1
3192,41000,68000,1
2683,45000,70000,1
1067,26000,48000,0
181,22000,48000,0
2403,39000,68000,1
341,22000,40000,0
3098,38000,68000,1
1939,25000,44000,0
2653,39000,78000,1
1952,24000,34000,0
2919,38000,74000,1
335,21000,46000,0
126,16000,42000,0
807,21000,42000,0
2365,45000,76000,1
3517,40000,74000,1
3441,37000,78000,1
3288,37000,72000,1
2085,40000,72000,1
1682,24000,40000,0
140,21000,46000,0
154,20000,34000,0
146,26000,34000,0
3647,38000,76000,1
3561,35000,74000,1
959,21000,42000,0
2471,40000,76000,1
2133,34000,90000,1
2837,37000,76000,1
396,20000,42000,0
1278,22000,32000,0
1989,23000,42000,0
1186,22000,46000,0
2724,38000,74000,1
633,22000,48000,0
3941,39000,90000,1
2622,38000,66000,1
675,21000,44000,0
382,26000,38000,0
1699,22000,42000,0
1950,26000,42000,0
3329,36000,76000,1
176,17000,44000,0
1095,20000,40000,0
270,24000,46000,0
66,19000,44000,0
1155,22000,44000,0
2222,40000,80000,1
2838,39000,78000,1
3693,38000,72000,1
1226,15000,52000,0
2094,33000,84000,1
1879,21000,40000,0
1553,21000,46000,0
3679,44000,82000,1
3504,37000,72000,1
2145,42000,74000,1
2833,40000,74000,1
1125,25000,46000,0
3429,33000,74000,1
731,23000,46000,0
2373,39000,74000,1
2023,38000,70000,1
2189,44000,88000,1
2118,38000,72000,1
592,25000,48000,0
3696,36000,80000,1
3836,37000,72000,1
1009,15000,42000,0
580,24000,48000,0
854,22000,34000,0
3627,37000,78000,1
624,22000,46000,0
2993,37000,82000,1
3922,37000,76000,1
1792,23000,42000,0
1949,21000,32000,0
1528,21000,48000,0
1876,19000,46000,0
729,21000,42000,0
2300,38000,72000,1
1554,26000,42000,0
725,25000,44000,0
1991,23000,40000,0
2322,33000,90000,1
2844,39000,90000,1
3736,39000,78000,1
2416,38000,88000,1
3993,35000,76000,1
3491,37000,88000,1
441,22000,46000,0
286,21000,38000,0
16,22000,42000,0
1897,15000,32000,0
3229,38000,78000,1
1982,20000,32000,0
1277,19000,40000,0
2253,41000,86000,1
2231,33000,90000,1
3499,40000,74000,1
3983,40000,78000,1
3508,37000,78000,1
1164,15000,46000,0
3236,37000,84000,1
551,25000,52000,0
2026,33000,78000,1
3604,36000,74000,1
1590,18000,46000,0
673,24000,42000,0
816,20000,48000,0
318,17000,34000,0
3938,41000,90000,1
2100,38000,84000,1
1675,21000,42000,0
74,22000,48000,0
366,20000,48000,0
2068,38000,74000,1
3548,38000,80000,1
3128,40000,68000,1
932,21000,48000,0
236,22000,38000,0
14,26000,48000,0
1888,19000,48000,0
3307,36000,74000,1
3305,37000,74000,1
1680,19000,52000,0
3845,35000,88000,1
2946,43000,68000,1
2681,44000,76000,1
1408,26000,50000,0
1380,21000,32000,0
2246,42000,80000,1
3806,39000,76000,1
3533,39000,74000,1
58,22000,48000,0
501,20000,44000,0
61,26000,36000,0
3198,34000,88000,1
67,25000,52000,0
7,22000,48000,0
1775,23000,42000,0
3905,41000,74000,1
639,16000,42000,0
274,26000,42000,0
1686,23000,46000,0
3849,39000,74000,1
760,26000,48000,0
1306,20000,40000,0
1439,20000,48000,0
987,22000,46000,0
398,19000,40000,0
3617,36000,70000,1
2568,42000,88000,1
1112,20000,42000,0
1302,23000,44000,0
3851,39000,90000,1
1387,22000,42000,0
879,19000,44000,0
484,21000,48000,0
610,23000,42000,0
794,19000,42000,0
1577,23000,46000,0
171,22000,50000,0
3042,39000,70000,1
1725,21000,44000,0
1867,22000,40000,0
2526,37000,72000,1
3135,34000,88000,1
3404,35000,68000,1
565,22000,44000,0
406,22000,46000,0
1803,22000,52000,0
2167,38000,72000,1
399,21000,42000,0
50,20000,46000,0
2518,36000,66000,1
3394,45000,70000,1
3945,44000,72000,1
2892,38000,72000,1
903,22000,48000,0
1909,20000,38000,0
2021,40000,78000,1
3450,39000,72000,1
2990,37000,84000,1
3473,44000,78000,1
3612,33000,80000,1
1025,24000,40000,0
2194,42000,68000,1
2177,37000,84000,1
3747,44000,78000,1
2712,35000,78000,1
3418,40000,74000,1
2739,37000,78000,1
513,15000,50000,0
219,21000,46000,0
2486,43000,66000,1
3861,34000,68000,1
3785,40000,76000,1
1348,24000,42000,0
53,21000,48000,0
2245,45000,74000,1
2437,36000,74000,1
507,19000,38000,0
2385,37000,86000,1
1840,22000,44000,0
3040,44000,76000,1
832,20000,48000,0
720,20000,42000,0
939,23000,42000,0
3122,36000,72000,1
33,19000,42000,0
806,16000,44000,0
353,15000,44000,0
1194,22000,44000,0
2625,34000,82000,1
1881,18000,46000,0
2543,41000,76000,1
1518,19000,44000,0
2691,39000,80000,1
2064,38000,82000,1
1069,23000,32000,0
3279,45000,74000,1
1010,20000,44000,0
2540,45000,76000,1
2999,40000,80000,1
1267,20000,42000,0
3580,36000,82000,1
1759,25000,44000,0
431,26000,48000,0
1624,21000,52000,0
3521,39000,74000,1
2080,42000,76000,1
674,20000,44000,0
2755,36000,76000,1
727,24000,50000,0
491,17000,44000,0
1820,20000,44000,0
3581,35000,74000,1
3407,35000,76000,1
3593,34000,72000,1
2811,38000,80000,1
2718,40000,86000,1
3865,44000,76000,1
2173,39000,76000,1
2143,37000,82000,1
2539,35000,90000,1
3392,35000,80000,1
313,22000,30000,0
1047,21000,40000,0
388,21000,36000,0
1068,21000,32000,0
1255,16000,38000,0
3570,37000,70000,1
3815,42000,80000,1
1547,24000,52000,0
422,23000,42000,0
417,21000,36000,0
1429,20000,42000,0
3546,36000,68000,1
2028,43000,88000,1
2289,38000,72000,1
1111,26000,44000,0
188,20000,36000,0
738,22000,38000,0
278,15000,38000,0
1520,21000,40000,0
1455,22000,46000,0
3731,37000,82000,1
3620,38000,80000,1
3295,37000,80000,1
3531,35000,82000,1
2989,38000,86000,1
1316,22000,34000,0
1937,21000,50000,0
2279,38000,88000,1
3868,38000,88000,1
1442,24000,30000,0
3012,36000,84000,1
3720,37000,76000,1
2895,38000,72000,1
2644,41000,78000,1
2003,39000,72000,1
1361,21000,36000,0
3910,38000,70000,1
175,20000,42000,0
1413,21000,44000,0
328,20000,36000,0
1964,22000,48000,0
3659,38000,76000,1
2965,38000,78000,1
36,22000,46000,0
1335,26000,36000,0
929,24000,34000,0
981,24000,44000,0
2460,39000,76000,1
2818,34000,80000,1
174,24000,30000,0
28,21000,52000,0
1637,25000,48000,0
3202,45000,66000,1
3391,37000,80000,1
70,20000,44000,0
749,21000,48000,0
817,21000,42000,0
918,19000,42000,0
2987,40000,78000,1
3702,40000,88000,1
1714,18000,46000,0
638,20000,38000,0
3153,40000,74000,1
1673,17000,40000,0
2784,37000,76000,1
2558,42000,86000,1
90,26000,46000,0
2352,44000,80000,1
3621,38000,90000,1
1222,17000,46000,0
1147,17000,44000,0
2161,40000,76000,1
3507,35000,82000,1
648,22000,40000,0
3595,40000,74000,1
1783,23000,40000,0
1273,17000,38000,0
3871,38000,84000,1
2095,37000,72000,1
1825,21000,30000,0
416,23000,44000,0
2097,39000,66000,1
2417,44000,80000,1
2991,37000,86000,1
2829,34000,80000,1
1337,24000,40000,0
2032,45000,86000,1
626,23000,42000,0
288,21000,30000,0
215,19000,52000,0
2852,36000,76000,1
3309,34000,66000,1
2106,40000,76000,1
2398,44000,66000,1
2924,37000,80000,1
443,21000,46000,0
1848,18000,46000,0
676,17000,42000,0
1537,18000,40000,0
3129,42000,84000,1
227,16000,30000,0
72,24000,46000,0
2881,39000,66000,1
2877,42000,76000,1
3496,38000,88000,1
2700,39000,72000,1
3431,37000,66000,1
2509,42000,78000,1
2856,37000,74000,1
466,16000,50000,0
3000,44000,80000,1
3651,40000,82000,1
845,18000,48000,0
117,21000,52000,0
3097,38000,74000,1
392,23000,40000,0
469,22000,52000,0
2699,34000,72000,1
107,22000,44000,0
1702,21000,48000,0
1314,21000,42000,0
1368,21000,42000,0
1738,26000,52000,0
2357,43000,80000,1
1958,21000,46000,0
622,22000,42000,0
1896,20000,46000,0
155,21000,40000,0
994,18000,42000,0
3163,40000,84000,1
2794,33000,86000,1
2415,44000,76000,1
1676,17000,38000,0
1628,19000,48000,0
821,20000,38000,0
669,23000,42000,0
494,23000,44000,0
1773,23000,44000,0
3628,38000,70000,1
1106,20000,46000,0
2459,39000,76000,1
3899,44000,84000,1
1023,25000,42000,0
2637,39000,76000,1
552,21000,42000,0
3610,34000,80000,1
457,21000,42000,0
467,21000,46000,0
1404,25000,50000,0
2377,40000,70000,1
331,22000,40000,0
2006,41000,84000,1
1579,23000,42000,0
2779,40000,82000,1
668,23000,44000,0
1788,21000,40000,0
1042,20000,36000,0
1128,24000,44000,0
405,21000,42000,0
482,17000,48000,0
3961,37000,78000,1
360,24000,44000,0
1962,23000,40000,0
41,20000,36000,0
2654,37000,78000,1
2504,39000,76000,1
3217,43000,82000,1
1144,20000,38000,0
2319,37000,70000,1
1486,25000,46000,0
3486,38000,84000,1
631,25000,40000,0
413,18000,44000,0
228,26000,44000,0
1281,26000,46000,0
449,25000,40000,0
1321,23000,44000,0
2203,39000,72000,1
65,18000,48000,0
3266,43000,74000,1
2461,42000,66000,1
3201,38000,76000,1
2801,44000,80000,1
3297,43000,86000,1
3469,37000,80000,1
1352,22000,46000,0
545,24000,44000,0
3200,43000,78000,1
425,15000,46000,0
3780,38000,88000,1
3143,36000,78000,1
351,22000,48000,0
2862,43000,82000,1
137,22000,44000,0
885,20000,50000,0
1347,18000,44000,0
2474,40000,80000,1
2482,34000,74000,1
1705,24000,52000,0
1627,22000,44000,0
289,24000,48000,0
1424,22000,30000,0
3445,37000,72000,1
3898,33000,74000,1
3650,44000,68000,1
1041,24000,44000,0
3748,39000,68000,1
839,24000,38000,0
3365,37000,84000,1
3009,41000,86000,1
2943,34000,80000,1
1206,17000,52000,0
1816,20000,42000,0
477,19000,48000,0
1409,21000,46000,0
1271,22000,44000,0
2865,39000,74000,1
1707,23000,42000,0
3174,37000,78000,1
2941,39000,72000,1
3252,45000,76000,1
3330,40000,76000,1
1587,23000,46000,0
125,19000,30000,0
3737,35000,80000,1
2555,43000,74000,1
663,26000,50000,0
3030,40000,74000,1
2220,40000,74000,1
1513,20000,44000,0
2455,37000,70000,1
2258,45000,86000,1
2948,36000,90000,1
2151,39000,80000,1
2904,36000,74000,1
2046,36000,80000,1
604,23000,40000,0
2090,39000,74000,1
655,20000,50000,0
2273,34000,90000,1
2815,45000,80000,1
2164,38000,78000,1
1541,22000,32000,0
2386,37000,72000,1
3439,42000,72000,1
2917,37000,70000,1
1286,24000,44000,0
24,22000,40000,0
3762,41000,76000,1
3336,35000,68000,1
3110,40000,78000,1
758,22000,50000,0
448,22000,32000,0
1248,24000,44000,0
2901,39000,76000,1
2884,35000,68000,1
3447,38000,78000,1
846,20000,30000,0
2372,34000,72000,1
96,24000,36000,0
2229,42000,82000,1
1304,22000,36000,0
1105,15000,46000,0
782,19000,44000,0
1344,23000,44000,0
1021,21000,52000,0
168,22000,52000,0
1618,19000,40000,0
2117,45000,76000,1
462,18000,30000,0
3093,38000,74000,1
2845,44000,80000,1
2147,38000,74000,1
2584,38000,90000,1
2775,37000,80000,1
2516,40000,74000,1
136,18000,42000,0
3891,38000,72000,1
2009,42000,72000,1
742,20000,40000,0
3244,36000,76000,1
3990,38000,76000,1
1071,22000,36000,0
1727,20000,40000,0
615,21000,48000,0
1500,23000,38000,0
3764,42000,82000,1
2979,36000,66000,1
3390,40000,68000,1
3363,40000,84000,1
2262,45000,74000,1
368,20000,46000,0
897,24000,34000,0
2018,36000,78000,1
550,21000,42000,0
1882,18000,34000,0
2139,37000,72000,1
1126,22000,42000,0
3637,33000,70000,1
3381,35000,78000,1
662,24000,38000,0
2582,36000,84000,1
182,20000,46000,0
367,20000,30000,0
27,25000,38000,0
1161,22000,44000,0
2462,41000,80000,1
2124,43000,84000,1
3995,37000,76000,1
1485,19000,52000,0
3640,38000,86000,1
264,19000,44000,0
210,16000,42000,0
3369,34000,76000,1
2002,41000,68000,1
1678,21000,46000,0
1089,22000,30000,0
2964,45000,90000,1
2866,37000,76000,1
3971,45000,88000,1
2463,38000,80000,1
3435,33000,78000,1
913,24000,48000,0
3283,34000,76000,1
2921,43000,84000,1
1104,16000,44000,0
2256,35000,78000,1
3002,34000,74000,1
955,26000,46000,0
1310,18000,48000,0
2250,39000,84000,1
2407,40000,90000,1
1055,22000,44000,0
761,24000,44000,0
1691,21000,48000,0
785,22000,42000,0
3313,34000,86000,1
2725,35000,68000,1
3935,36000,76000,1
3886,34000,80000,1
2146,35000,80000,1
590,25000,52000,0
1532,23000,52000,0
147,19000,36000,0
924,22000,52000,0
978,20000,40000,0
2001,37000,70000,1
3873,37000,74000,1
1814,26000,50000,0
2708,39000,78000,1
3168,36000,88000,1
1176,20000,46000,0
1266,16000,46000,0
3319,45000,80000,1
2536,38000,76000,1
393,21000,42000,0
3160,33000,70000,1
2284,41000,82000,1
1774,20000,36000,0
2469,36000,84000,1
369,17000,52000,0
99,20000,36000,0
306,24000,30000,0
3223,43000,76000,1
1113,18000,48000,0
2870,37000,86000,1
267,18000,46000,0
432,16000,30000,0
3793,33000,76000,1
972,21000,40000,0
2918,38000,76000,1
2553,44000,72000,1
2869,38000,68000,1
2616,34000,72000,1
3290,36000,84000,1
2925,38000,88000,1
3582,45000,82000,1
3277,38000,90000,1
3054,40000,80000,1
1077,18000,46000,0
958,21000,44000,0
3001,42000,76000,1
1766,22000,52000,0
522,23000,32000,0
2285,34000,78000,1
2207,35000,66000,1
445,24000,42000,0
931,20000,48000,0
3821,38000,78000,1
3024,40000,74000,1
1994,23000,48000,0
941,16000,40000,0
3199,39000,78000,1
3698,43000,78000,1
1581,21000,42000,0
463,26000,50000,0
3718,37000,72000,1
1608,22000,44000,0
3985,40000,72000,1
2134,40000,84000,1
1571,19000,36000,0
400,21000,42000,0
3835,35000,80000,1
1473,21000,34000,0
411,17000,38000,0
1353,20000,42000,0
2541,37000,70000,1
3955,38000,74000,1
3038,35000,74000,1
2304,38000,78000,1
2212,39000,74000,1
3646,38000,82000,1
2181,37000,84000,1
751,24000,34000,0
3255,38000,76000,1
1850,26000,40000,0
3235,36000,68000,1
1545,23000,34000,0
2072,39000,88000,1
554,23000,48000,0
2669,38000,82000,1
3732,33000,76000,1
3438,38000,78000,1
3094,36000,66000,1
3996,45000,82000,1
3022,37000,70000,1
1845,15000,48000,0
2752,38000,72000,1
1390,20000,48000,0
1912,21000,46000,0
2454,36000,84000,1
649,23000,30000,0
2817,38000,68000,1
3475,41000,68000,1
2157,33000,66000,1
2994,42000,66000,1
1713,16000,46000,0
2371,40000,80000,1
1031,21000,36000,0
3241,39000,80000,1
2528,39000,76000,1
1294,26000,44000,0
3068,37000,76000,1
3743,41000,90000,1
721,16000,48000,0
1121,19000,50000,0
3388,37000,82000,1
2997,44000,78000,1
1504,26000,36000,0
2240,42000,84000,1
1084,20000,32000,0
3085,44000,76000,1
1373,24000,48000,0
1785,20000,42000,0
934,25000,36000,0
1688,20000,48000,0
629,15000,48000,0
2793,38000,76000,1
3083,41000,74000,1
2155,40000,80000,1
2496,39000,76000,1
3778,40000,76000,1
2129,38000,74000,1
3107,44000,80000,1
2099,42000,78000,1
1629,20000,44000,0
910,20000,48000,0
2885,44000,90000,1
1834,22000,40000,0
1561,23000,44000,0
2390,40000,70000,1
2037,44000,90000,1
2228,40000,78000,1
111,23000,30000,0
2039,33000,78000,1
2563,37000,74000,1
1262,16000,48000,0
3937,37000,88000,1
3446,41000,82000,1
2241,37000,90000,1
2019,38000,78000,1
1566,20000,32000,0
3233,39000,66000,1
873,17000,46000,0
1938,20000,44000,0
2630,37000,84000,1
1681,16000,42000,0
3487,38000,68000,1
2282,38000,76000,1
2059,41000,88000,1
1319,22000,40000,0
2649,45000,74000,1
3060,33000,76000,1
2219,44000,90000,1
3027,40000,86000,1
2487,36000,70000,1
3331,39000,74000,1
2287,40000,76000,1
1748,24000,44000,0
3754,40000,76000,1
2519,43000,72000,1
587,24000,42000,0
272,22000,38000,0
2711,40000,86000,1
3408,38000,76000,1
3318,37000,78000,1
556,20000,44000,0
3820,42000,66000,1
1214,16000,42000,0
97,23000,46000,0
1131,23000,38000,0
3597,36000,74000,1
380,26000,40000,0
2781,40000,90000,1
2600,37000,86000,1
39,20000,42000,0
815,25000,52000,0
3634,36000,76000,1
3724,45000,88000,1
3258,40000,80000,1
225,22000,32000,0
3613,37000,76000,1
1890,22000,48000,0
1572,20000,48000,0
1895,24000,46000,0
354,24000,46000,0
2583,37000,78000,1
3745,43000,66000,1
968,24000,46000,0
1013,15000,40000,0
1898,23000,42000,0
3667,41000,76000,1
3033,39000,80000,1
389,21000,48000,0
3981,45000,86000,1
3587,34000,74000,1
2432,39000,76000,1
3220,44000,88000,1
877,15000,48000,0
1975,21000,48000,0
1,18000,52000,0
2714,42000,88000,1
2747,45000,72000,1
1583,22000,32000,0
3763,38000,76000,1
1465,15000,48000,0
2224,40000,86000,1
277,16000,40000,0
365,15000,42000,0
203,20000,30000,0
372,26000,32000,0
2070,38000,76000,1
1752,15000,42000,0
1863,21000,42000,0
603,15000,36000,0
3189,41000,76000,1
1018,22000,48000,0
715,17000,42000,0
2777,36000,80000,1
1039,23000,40000,0
2337,42000,76000,1
52,23000,32000,0
789,21000,38000,0
196,26000,44000,0
713,20000,40000,0
1575,23000,40000,0
4,21000,32000,0
2142,37000,66000,1
3921,37000,84000,1
608,21000,32000,0
2859,35000,86000,1
948,23000,42000,0
2559,44000,76000,1
3536,40000,70000,1
1054,25000,46000,0
1102,15000,52000,0
2746,34000,90000,1
3591,40000,72000,1
30,24000,42000,0
3380,45000,74000,1
850,23000,46000,0
2073,35000,84000,1
3383,39000,82000,1
1196,22000,46000,0
3478,43000,74000,1
3270,38000,74000,1
2370,44000,76000,1
2128,45000,78000,1
3989,34000,90000,1
581,22000,30000,0
998,21000,42000,0
2333,33000,80000,1
132,24000,40000,0
3281,40000,66000,1
3334,42000,86000,1
3310,34000,66000,1
582,23000,32000,0
2696,44000,78000,1
3753,45000,86000,1
2876,40000,70000,1
2624,38000,74000,1
2959,38000,74000,1
3739,45000,70000,1
843,21000,46000,0
2576,41000,80000,1
3146,40000,78000,1
3741,40000,90000,1
665,20000,46000,0
979,22000,44000,0
3943,36000,80000,1
3063,35000,84000,1
625,21000,52000,0
2651,37000,68000,1
618,20000,32000,0
178,22000,32000,0
1565,19000,30000,0
3470,35000,76000,1
876,21000,46000,0
2507,42000,80000,1
1899,19000,34000,0
2476,45000,82000,1
2166,45000,74000,1
237,17000,52000,0
1582,22000,48000,0
1140,24000,46000,0
3931,38000,72000,1
3538,36000,76000,1
2054,39000,68000,1
1233,22000,48000,0
121,23000,42000,0
653,19000,42000,0
3916,36000,72000,1
2458,41000,76000,1
865,22000,52000,0
3771,42000,70000,1
1730,22000,38000,0
3423,37000,74000,1
2312,35000,74000,1
2677,40000,72000,1
3502,40000,88000,1
3133,37000,78000,1
2445,38000,88000,1
3158,35000,88000,1
2853,38000,78000,1
1990,18000,48000,0
1376,22000,42000,0
784,23000,40000,0
1829,26000,40000,0
2836,43000,72000,1
2335,38000,88000,1
755,22000,30000,0
1213,23000,34000,0
2235,38000,76000,1
1441,26000,38000,0
1315,16000,40000,0
2452,39000,76000,1
1660,23000,44000,0
1272,18000,40000,0
114,17000,40000,0
2341,33000,70000,1
2931,43000,90000,1
2493,41000,80000,1
2890,35000,78000,1
1669,20000,44000,0
2411,36000,78000,1
2738,38000,74000,1
142,22000,52000,0
3139,39000,66000,1
1603,19000,46000,0
2764,41000,88000,1
1227,18000,50000,0
2606,33000,76000,1
3892,35000,78000,1
2766,41000,76000,1
3314,38000,76000,1
490,23000,46000,0
1048,18000,42000,0
2472,45000,80000,1
621,21000,42000,0
2868,39000,68000,1
3562,34000,78000,1
329,22000,46000,0
2995,37000,78000,1
3222,36000,76000,1
1883,24000,50000,0
2179,39000,80000,1
1377,21000,48000,0
1274,20000,30000,0
2527,33000,66000,1
1821,20000,40000,0
670,21000,52000,0
2062,41000,70000,1
3374,39000,78000,1
3157,37000,74000,1
3519,39000,70000,1
3175,38000,72000,1
2281,37000,66000,1
2198,35000,66000,1
259,23000,30000,0
795,24000,30000,0
421,18000,46000,0
2000,44000,82000,1
3114,44000,90000,1
488,21000,50000,0
3286,40000,70000,1
3032,42000,68000,1
1385,22000,48000,0
1201,21000,38000,0
42,21000,32000,0
374,21000,50000,0
945,21000,48000,0
212,23000,36000,0
164,23000,46000,0
3553,33000,86000,1
2216,44000,74000,1
3927,43000,88000,1
2414,37000,74000,1
2184,35000,88000,1
1450,20000,46000,0
2473,39000,82000,1
1647,22000,30000,0
3653,38000,76000,1
468,17000,30000,0
2502,39000,80000,1
1817,23000,40000,0
2442,39000,80000,1
2044,33000,80000,1
1175,23000,44000,0
1189,23000,40000,0
2049,36000,72000,1
2695,40000,68000,1
3907,38000,66000,1
1057,21000,40000,0
119,22000,32000,0
966,23000,50000,0
1115,20000,48000,0
3589,37000,74000,1
687,16000,42000,0
2383,38000,82000,1
536,25000,46000,0
869,22000,52000,0
1165,24000,34000,0
620,15000,46000,0
2274,40000,80000,1
525,23000,42000,0
2061,40000,76000,1
3432,44000,74000,1
637,23000,46000,0
1594,23000,52000,0
1090,17000,36000,0
1401,22000,46000,0
860,23000,42000,0
2269,44000,70000,1
394,22000,48000,0
3909,44000,76000,1
542,22000,48000,0
316,26000,46000,0
3947,39000,72000,1
3569,44000,78000,1
3525,40000,78000,1
89,22000,42000,0
801,18000,52000,0
1533,19000,42000,0
364,19000,48000,0
3415,40000,84000,1
2912,39000,72000,1
2520,40000,68000,1
1955,18000,46000,0
1570,16000,44000,0
442,23000,42000,0
853,24000,36000,0
1074,20000,48000,0
3997,36000,68000,1
3834,36000,78000,1
506,24000,42000,0
127,22000,42000,0
2636,41000,86000,1
214,22000,46000,0
567,17000,46000,0
124,16000,44000,0
172,23000,40000,0
2488,37000,66000,1
410,22000,48000,0
305,21000,52000,0
3420,38000,76000,1
2514,37000,74000,1
3977,41000,70000,1
1512,16000,42000,0
930,21000,34000,0
3124,39000,76000,1
2169,38000,74000,1
1311,22000,42000,0
2261,45000,72000,1
3239,37000,84000,1
190,24000,44000,0
2214,40000,74000,1
1966,16000,46000,0
757,23000,42000,0
3321,33000,66000,1
2078,40000,72000,1
1810,16000,40000,0
1963,24000,46000,0
3019,36000,88000,1
3903,33000,90000,1
664,24000,44000,0
2525,39000,84000,1
3106,37000,76000,1
3275,40000,76000,1
1064,25000,34000,0
2988,40000,72000,1
1852,21000,40000,0
2470,35000,68000,1
892,21000,34000,0
1981,22000,36000,0
1350,26000,48000,0
3389,37000,80000,1
98,21000,30000,0
3284,37000,74000,1
3783,43000,72000,1
911,23000,36000,0
1384,23000,40000,0
2307,36000,76000,1
1238,21000,30000,0
2196,43000,82000,1
671,24000,42000,0
1805,20000,38000,0
91,23000,42000,0
2549,38000,76000,1
2825,41000,70000,1
544,25000,42000,0
241,25000,38000,0
1299,23000,44000,0
909,20000,30000,0
1514,22000,44000,0
2855,36000,86000,1
1761,17000,30000,0
34,16000,42000,0
3111,40000,72000,1
1159,26000,36000,0
3208,38000,78000,1
3833,36000,66000,1
1447,25000,38000,0
3876,38000,76000,1
1656,19000,44000,0
661,26000,48000,0
2160,42000,78000,1
900,20000,48000,0
967,21000,42000,0
3953,43000,68000,1
3088,39000,70000,1
1001,22000,52000,0
2113,40000,80000,1
3138,42000,72000,1
3178,37000,78000,1
349,24000,52000,0
712,17000,48000,0
323,24000,48000,0
779,21000,48000,0
938,23000,50000,0
1094,23000,42000,0
943,20000,32000,0
1258,23000,40000,0
2074,45000,86000,1
1999,19000,40000,0
1330,22000,46000,0
3397,37000,88000,1
3885,45000,78000,1
2500,38000,74000,1
2266,38000,82000,1
1117,16000,30000,0
3104,41000,76000,1
3936,44000,76000,1
5,21000,50000,0
1372,23000,36000,0
420,21000,48000,0
2593,37000,88000,1
3755,39000,72000,1
1929,16000,40000,0
1589,24000,46000,0
1914,17000,32000,0
2580,33000,74000,1
1287,22000,44000,0
26,22000,42000,0
1636,15000,48000,0
2255,36000,90000,1
3180,41000,74000,1
275,22000,44000,0
546,25000,48000,0
2376,38000,80000,1
568,26000,48000,0
512,18000,50000,0
2298,33000,82000,1
2208,42000,84000,1
2783,39000,88000,1
1718,23000,46000,0
293,22000,42000,0
640,25000,44000,0
2087,36000,80000,1
1198,23000,44000,0
3285,42000,86000,1
2928,38000,80000,1
538,22000,40000,0
1976,24000,42000,0
427,25000,34000,0
988,21000,36000,0
2716,41000,74000,1
1901,17000,40000,0
2428,35000,70000,1
1552,16000,46000,0
1854,15000,44000,0
375,23000,46000,0
355,15000,48000,0
378,21000,44000,0
211,15000,48000,0
456,21000,46000,0
3183,36000,74000,1
533,25000,42000,0
919,22000,46000,0
2727,39000,74000,1
1501,21000,46000,0
79,24000,46000,0
1166,25000,44000,0
3744,34000,66000,1
2317,37000,74000,1
3817,44000,72000,1
2786,37000,68000,1
2588,34000,86000,1
642,26000,36000,0
3929,36000,86000,1
269,21000,32000,0
1578,22000,42000,0
2819,43000,78000,1
3594,42000,84000,1
444,26000,46000,0
2491,36000,70000,1
3187,34000,84000,1
2347,37000,74000,1
2546,39000,80000,1
2864,38000,70000,1
3516,33000,66000,1
793,23000,44000,0
619,22000,46000,0
276,23000,42000,0
657,26000,48000,0
2308,40000,70000,1
2406,41000,88000,1
3253,40000,74000,1
2125,39000,74000,1
1960,25000,46000,0
2678,39000,76000,1
672,17000,40000,0
3025,34000,76000,1
3443,38000,82000,1
1488,22000,36000,0
362,24000,42000,0
1992,25000,46000,0
1420,22000,48000,0
3844,42000,74000,1
430,22000,38000,0
327,18000,46000,0
45,23000,48000,0
1103,25000,34000,0
1291,20000,38000,0
2976,42000,70000,1
395,20000,48000,0
537,21000,44000,0
2632,35000,78000,1
2947,42000,78000,1
1604,15000,40000,0
251,25000,36000,0
1192,22000,46000,0
3245,42000,82000,1
2702,39000,74000,1
2027,38000,72000,1
201,21000,40000,0
3828,39000,90000,1
2585,37000,76000,1
2957,40000,72000,1
1093,26000,38000,0
3460,37000,84000,1
3642,36000,66000,1
1720,21000,46000,0
2847,37000,76000,1
985,23000,42000,0
3328,43000,78000,1
1282,15000,46000,0
2690,39000,72000,1
678,22000,40000,0
547,25000,52000,0
1265,19000,42000,0
2138,35000,90000,1
724,24000,42000,0
3062,34000,80000,1
479,22000,38000,0
2986,39000,76000,1
153,18000,46000,0
1210,22000,42000,0
397,24000,40000,0
1393,19000,46000,0
1956,17000,48000,0
3337,38000,76000,1
3346,38000,84000,1
3057,37000,76000,1
3887,37000,82000,1
2522,40000,84000,1
85,26000,30000,0
3206,36000,76000,1
3385,34000,72000,1
3767,36000,76000,1
3375,43000,88000,1
464,22000,40000,0
3529,37000,78000,1
3082,40000,80000,1
3492,39000,84000,1
62,20000,30000,0
1467,23000,34000,0
2475,37000,80000,1
1550,21000,50000,0
2523,36000,76000,1
2778,38000,66000,1
2108,33000,84000,1
564,21000,46000,0
559,18000,32000,0
3913,38000,68000,1
2907,38000,76000,1
3631,37000,76000,1
2404,40000,76000,1
412,21000,36000,0
1755,23000,42000,0
1259,24000,48000,0
1995,18000,50000,0
2397,40000,90000,1
3332,42000,86000,1
857,21000,38000,0
2392,37000,76000,1
3084,34000,76000,1
950,20000,44000,0
2293,40000,66000,1
3224,35000,78000,1
2782,40000,80000,1
2689,34000,88000,1
2629,36000,82000,1
2301,41000,88000,1
1747,21000,34000,0
184,25000,40000,0
2929,38000,76000,1
3149,40000,76000,1
3882,38000,66000,1
3293,38000,72000,1
3917,42000,76000,1
2809,39000,70000,1
2871,34000,76000,1
2750,45000,74000,1
1891,20000,44000,0
2505,40000,84000,1
1202,16000,44000,0
781,26000,48000,0
1066,23000,34000,0
55,23000,44000,0
1437,20000,46000,0
2200,36000,82000,1
3086,39000,86000,1
3029,41000,86000,1
1241,20000,44000,0
2961,41000,76000,1
1739,23000,30000,0
3292,45000,86000,1
3304,45000,80000,1
1139,21000,44000,0
3059,33000,80000,1
3524,40000,78000,1
2126,45000,82000,1
3228,38000,88000,1
1124,24000,32000,0
3353,41000,74000,1
2045,37000,74000,1
2680,37000,84000,1
3880,40000,82000,1
1012,25000,46000,0
3837,42000,66000,1
2451,37000,84000,1
3417,43000,76000,1
707,24000,48000,0
1225,22000,48000,0
1386,17000,46000,0
1419,16000,40000,0
3583,37000,80000,1
2286,40000,78000,1
2823,38000,76000,1
2490,38000,74000,1
2391,40000,72000,1
1133,22000,44000,0
3115,40000,86000,1
1403,22000,44000,0
2350,33000,72000,1
1345,21000,42000,0
1758,24000,44000,0
3578,33000,70000,1
3176,37000,72000,1
3263,34000,74000,1
532,17000,44000,0
1710,22000,48000,0
3550,35000,76000,1
2898,43000,84000,1
2384,38000,80000,1
1787,23000,42000,0
3711,38000,80000,1
2894,41000,74000,1
2453,44000,72000,1
3324,43000,82000,1
947,24000,34000,0
235,23000,42000,0
1446,21000,46000,0
3414,36000,72000,1
867,24000,44000,0
1918,23000,46000,0
2410,36000,86000,1
986,19000,32000,0
609,21000,34000,0
852,22000,46000,0
3299,36000,74000,1
1769,23000,30000,0
1036,21000,42000,0
465,20000,46000,0
3039,37000,78000,1
2423,38000,74000,1
1132,26000,40000,0
895,21000,44000,0
1285,22000,46000,0
3803,39000,74000,1
2422,37000,88000,1
3489,40000,74000,1
1298,21000,44000,0
3890,40000,74000,1
3671,41000,90000,1
1543,21000,42000,0
1683,26000,42000,0
656,20000,50000,0
840,25000,42000,0
3348,45000,72000,1
2673,39000,76000,1
1908,21000,40000,0
2024,38000,80000,1
2071,39000,76000,1
2934,36000,90000,1
2967,42000,66000,1
694,24000,46000,0
1091,17000,52000,0
104,21000,38000,0
628,20000,48000,0
3399,34000,76000,1
3735,42000,76000,1
6,21000,30000,0
787,20000,40000,0
1152,24000,42000,0
3171,40000,76000,1
3430,38000,66000,1
1339,16000,42000,0
3181,37000,76000,1
2149,40000,78000,1
2014,36000,72000,1
849,22000,44000,0
792,26000,48000,0
3205,40000,66000,1
2233,42000,88000,1
2400,34000,82000,1
2835,44000,78000,1
780,26000,44000,0
1606,22000,44000,0
1986,24000,34000,0
1360,25000,46000,0
383,25000,42000,0
2122,37000,66000,1
1630,21000,36000,0
2821,42000,74000,1
505,16000,52000,0
179,22000,46000,0
2754,36000,76000,1
3860,40000,68000,1
901,21000,48000,0
1756,19000,30000,0
3588,45000,84000,1
230,16000,48000,0
3072,38000,70000,1
3165,40000,84000,1
3238,36000,80000,1
3568,43000,70000,1
3494,43000,72000,1
3246,37000,76000,1
3605,37000,84000,1
1936,22000,34000,0
1122,22000,38000,0
928,23000,46000,0
750,22000,32000,0
1588,22000,32000,0
3787,44000,78000,1
730,20000,48000,0
1406,23000,42000,0
2590,39000,74000,1
3216,44000,76000,1
1658,25000,38000,0
3973,37000,66000,1
925,21000,50000,0
3273,42000,74000,1
1511,24000,46000,0
358,20000,46000,0
3289,38000,84000,1
2340,37000,72000,1
336,18000,46000,0
418,22000,42000,0
871,22000,34000,0
1405,18000,46000,0
2911,44000,84000,1
977,22000,30000,0
1815,20000,32000,0
1279,18000,50000,0
2675,39000,86000,1
249,21000,34000,0
3925,36000,90000,1
2575,39000,78000,1
3303,38000,76000,1
1585,21000,48000,0
3453,42000,88000,1
59,23000,44000,0
1020,17000,32000,0
2572,40000,74000,1
303,16000,48000,0
2029,41000,74000,1
3798,40000,80000,1
2951,38000,74000,1
765,26000,40000,0
2501,33000,86000,1
1050,22000,30000,0
1323,21000,44000,0
1868,23000,46000,0
1260,21000,44000,0
3664,37000,72000,1
825,25000,52000,0
2803,37000,74000,1
3703,40000,76000,1
2512,37000,80000,1
169,24000,44000,0
3596,37000,80000,1
207,15000,42000,0
1626,17000,44000,0
3240,33000,84000,1
2645,37000,72000,1
337,24000,48000,0
1482,23000,42000,0
3028,34000,80000,1
2715,33000,78000,1
1977,17000,34000,0
708,26000,44000,0
233,24000,40000,0
2960,40000,72000,1
2291,37000,72000,1
1700,22000,32000,0
3268,41000,72000,1
2658,38000,84000,1
1425,22000,48000,0
1092,23000,36000,0
1556,22000,50000,0
3136,37000,74000,1
2033,41000,68000,1
1246,26000,42000,0
2427,36000,82000,1
1457,20000,40000,0
710,21000,48000,0
2891,33000,80000,1
2057,43000,72000,1
1443,24000,44000,0
2968,39000,82000,1
2338,44000,72000,1
1490,22000,34000,0
3472,43000,70000,1
1154,24000,40000,0
1073,21000,48000,0
822,22000,42000,0
2334,34000,86000,1
3616,38000,74000,1
2075,37000,86000,1
1007,21000,42000,0
195,23000,44000,0
2889,41000,72000,1
3294,42000,74000,1
1987,24000,42000,0
1924,21000,42000,0
3675,33000,72000,1
3067,40000,78000,1
3325,45000,70000,1
2813,33000,74000,1
777,24000,46000,0
677,21000,36000,0
695,22000,48000,0
3602,36000,82000,1
2729,45000,80000,1
3528,39000,70000,1
3552,34000,76000,1
1841,22000,50000,0
3291,44000,78000,1
3351,40000,72000,1
248,23000,42000,0
2104,45000,90000,1
2431,33000,72000,1
965,21000,42000,0
1726,17000,42000,0
1421,25000,52000,0
3343,41000,74000,1
1329,20000,40000,0
509,24000,38000,0
1242,20000,42000,0
3050,38000,76000,1
1708,24000,42000,0
2932,38000,80000,1
1893,21000,50000,0
524,18000,42000,0
1444,24000,44000,0
1871,15000,46000,0
3458,40000,76000,1
2854,37000,76000,1
3393,37000,80000,1
2972,34000,82000,1
1800,17000,46000,0
3322,40000,68000,1
890,15000,50000,0
864,16000,44000,0
3599,33000,76000,1
1483,22000,32000,0
3338,39000,74000,1
2956,34000,80000,1
1780,22000,42000,0
280,26000,38000,0
1220,26000,44000,0
1597,25000,44000,0
1996,21000,40000,0
3677,35000,82000,1
1862,21000,46000,0
541,21000,42000,0
2105,37000,78000,1
3360,37000,76000,1
2971,37000,76000,1
759,22000,42000,0
2611,40000,78000,1
1479,19000,46000,0
3117,38000,74000,1
992,16000,50000,0
833,20000,52000,0
1540,15000,52000,0
106,15000,46000,0
579,20000,50000,0
1671,20000,40000,0
1474,21000,46000,0
246,20000,52000,0
2439,36000,74000,1
476,23000,52000,0
3807,44000,82000,1
3352,37000,74000,1
3209,35000,72000,1
3207,38000,78000,1
2730,38000,74000,1
841,26000,48000,0
1522,22000,52000,0
2050,40000,80000,1
613,24000,44000,0
3619,36000,86000,1
3895,45000,78000,1
1182,23000,34000,0
143,23000,40000,0
428,16000,46000,0
84,24000,30000,0
2187,41000,70000,1
3515,37000,88000,1
60,25000,38000,0
1609,22000,44000,0
1325,24000,42000,0
2043,34000,80000,1
3575,37000,76000,1
1974,20000,48000,0
2977,38000,80000,1
3437,40000,74000,1
3427,43000,74000,1
3451,33000,72000,1
2119,38000,72000,1
239,18000,32000,0
2419,36000,76000,1
3673,42000,86000,1
2047,40000,76000,1
2920,35000,68000,1
685,21000,42000,0
831,21000,42000,0
1689,16000,46000,0
3579,37000,86000,1
2276,41000,78000,1
1701,24000,40000,0
651,20000,46000,0
3269,40000,82000,1
3630,40000,72000,1
1892,15000,38000,0
3020,38000,74000,1
3967,39000,80000,1
2465,38000,78000,1
3161,36000,90000,1
2671,36000,88000,1
3729,33000,76000,1
3488,39000,86000,1
970,18000,50000,0
1953,23000,30000,0
2243,38000,84000,1
518,25000,44000,0
3047,38000,78000,1
597,18000,30000,0
2339,38000,90000,1
1016,26000,38000,0
1129,20000,32000,0
1657,23000,44000,0
969,21000,32000,0
2093,39000,70000,1
0,21000,52000,0
1616,26000,30000,0
1024,23000,46000,0
2970,42000,72000,1
1130,15000,52000,0
1505,22000,46000,0
951,23000,40000,0
460,25000,32000,0
3988,44000,78000,1
2587,38000,78000,1
3482,37000,74000,1
2193,39000,72000,1
3823,43000,80000,1
569,21000,34000,0
1795,20000,38000,0
2762,43000,72000,1
1237,16000,48000,0
145,21000,42000,0
1786,23000,42000,0
1889,23000,34000,0
1529,21000,40000,0
46,21000,34000,0
2655,38000,74000,1
1250,23000,44000,0
2533,42000,72000,1
128,17000,32000,0
1478,22000,48000,0
3555,37000,70000,1
1288,22000,32000,0
2020,37000,84000,1
1183,19000,44000,0
173,21000,42000,0
2805,38000,88000,1
244,22000,42000,0
2913,43000,74000,1
3689,38000,80000,1
1697,17000,44000,0
474,21000,44000,0
3592,36000,68000,1
1168,24000,44000,0
691,23000,40000,0
1407,22000,48000,0
2566,36000,90000,1
2872,36000,76000,1
273,23000,52000,0
3606,38000,78000,1
3231,36000,72000,1
3665,40000,74000,1
819,22000,40000,0
2659,43000,68000,1
3092,39000,76000,1
3706,37000,74000,1
1430,22000,52000,0
1927,23000,46000,0
3944,38000,80000,1
218,23000,30000,0
1313,21000,44000,0
3822,43000,76000,1
658,22000,42000,0
2447,35000,72000,1
2111,36000,72000,1
265,20000,30000,0
3367,38000,78000,1
2369,36000,90000,1
2030,43000,86000,1
3243,44000,86000,1
3382,37000,76000,1
437,17000,42000,0
583,22000,44000,0
3232,35000,76000,1
1877,24000,34000,0
1923,16000,46000,0
2466,38000,74000,1
2267,38000,84000,1
2498,42000,70000,1
762,16000,46000,0
2577,42000,76000,1
1692,20000,44000,0
1212,21000,40000,0
1351,22000,32000,0
3357,33000,86000,1
2607,34000,88000,1
2710,40000,84000,1
1993,15000,50000,0
1358,24000,38000,0
999,18000,46000,0
1827,17000,46000,0
2159,39000,74000,1
3179,39000,80000,1
2759,34000,82000,1
709,17000,44000,0
433,23000,32000,0
2578,40000,80000,1
2614,33000,74000,1
1188,20000,50000,0
3197,40000,90000,1
1635,22000,52000,0
3672,38000,68000,1
743,23000,36000,0
451,21000,48000,0
753,21000,30000,0
151,23000,42000,0
3609,39000,76000,1
3626,40000,80000,1
3164,34000,86000,1
2358,34000,82000,1
1668,21000,40000,0
1674,22000,34000,0
2457,44000,82000,1
570,23000,50000,0
3523,33000,86000,1
1336,25000,44000,0
3801,37000,82000,1
3073,37000,88000,1
3345,36000,82000,1
12,22000,36000,0
436,23000,52000,0
296,23000,48000,0
439,17000,38000,0
1388,25000,46000,0
717,16000,46000,0
3866,39000,90000,1
3678,34000,82000,1
1715,23000,50000,0
1341,22000,42000,0
1917,25000,34000,0
1646,19000,42000,0
3013,38000,68000,1
2609,37000,74000,1
870,24000,38000,0
2594,37000,72000,1
3840,39000,70000,1
1355,23000,44000,0
3479,37000,76000,1
1235,25000,34000,0
376,18000,34000,0
3250,40000,74000,1
56,19000,32000,0
1557,22000,32000,0
1521,18000,44000,0
1136,25000,48000,0
3173,45000,84000,1
2517,34000,66000,1
3150,37000,72000,1
102,21000,44000,0
1796,22000,42000,0
1499,19000,46000,0
3459,39000,80000,1
3972,37000,74000,1
1654,25000,44000,0
1268,23000,46000,0
1913,21000,44000,0
2395,40000,74000,1
2091,37000,68000,1
1496,24000,38000,0
3777,41000,86000,1
314,22000,44000,0
2601,41000,78000,1
3401,38000,72000,1
1523,21000,40000,0
3490,36000,66000,1
3234,37000,66000,1
290,22000,50000,0
31,16000,40000,0
1436,19000,44000,0
1544,22000,46000,0
3842,37000,78000,1
500,20000,42000,0
3326,42000,76000,1
419,26000,40000,0
2652,40000,72000,1
3195,34000,90000,1
2137,42000,76000,1
736,25000,44000,0
3261,38000,76000,1
2688,40000,76000,1
19,17000,40000,0
3248,36000,84000,1
2086,40000,80000,1
3684,34000,68000,1
3127,37000,84000,1
1367,18000,44000,0
776,25000,48000,0
1097,22000,48000,0
3770,38000,80000,1
424,15000,38000,0
1459,23000,50000,0
921,20000,48000,0
1614,23000,40000,0
2903,36000,78000,1
1171,26000,32000,0
2238,37000,80000,1
200,22000,44000,0
3939,34000,74000,1
3999,42000,74000,1
2741,39000,74000,1
2839,39000,78000,1
3574,40000,66000,1
3670,40000,72000,1
1735,24000,42000,0
3710,37000,84000,1
719,21000,40000,0
741,23000,34000,0
1502,18000,46000,0
3017,41000,72000,1
2883,43000,88000,1
1123,21000,46000,0
1667,23000,40000,0
2664,33000,90000,1
3455,42000,76000,1
1173,24000,38000,0
735,24000,30000,0
2277,43000,74000,1
2361,43000,90000,1
87,26000,38000,0
2773,35000,90000,1
560,15000,44000,0
3065,42000,76000,1
453,20000,48000,0
3182,37000,80000,1
679,23000,48000,0
718,23000,46000,0
2733,36000,80000,1
3818,36000,82000,1
971,16000,44000,0
1008,26000,44000,0
1802,23000,46000,0
297,21000,38000,0
1801,22000,46000,0
771,26000,44000,0
2535,40000,76000,1
1059,20000,44000,0
493,23000,42000,0
3715,40000,78000,1
3203,39000,68000,1
549,23000,44000,0
602,23000,40000,0
2254,38000,76000,1
312,22000,40000,0
1397,26000,46000,0
183,23000,40000,0
1878,25000,46000,0
2288,40000,88000,1
2297,37000,76000,1
2850,38000,74000,1
2978,40000,74000,1
1357,23000,46000,0
2356,41000,70000,1
884,22000,52000,0
2570,42000,80000,1
2204,41000,76000,1
1493,24000,40000,0
3134,39000,72000,1
144,21000,48000,0
3044,38000,78000,1
769,16000,52000,0
2185,38000,80000,1
1283,21000,44000,0
2176,44000,70000,1
711,21000,48000,0
1426,24000,44000,0
1119,16000,44000,0
3852,40000,82000,1
3902,45000,74000,1
3440,40000,82000,1
1625,21000,44000,0
3661,37000,66000,1
1855,25000,38000,0
2537,39000,86000,1
963,26000,38000,0
2190,36000,74000,1
1005,25000,38000,0
571,22000,44000,0
1378,22000,52000,0
844,19000,36000,0
3601,40000,82000,1
703,23000,36000,0
2682,39000,88000,1
2597,38000,76000,1
3522,33000,86000,1
2666,43000,84000,1
1253,23000,50000,0
2041,41000,80000,1
3372,45000,72000,1
2332,35000,80000,1
652,26000,46000,0
1562,23000,42000,0
253,23000,30000,0
904,23000,40000,0
3426,38000,70000,1
3409,38000,76000,1
3227,38000,76000,1
2015,45000,68000,1
3211,33000,80000,1
1870,24000,34000,0
3590,34000,80000,1
3058,42000,84000,1
302,25000,42000,0
2346,40000,74000,1
1719,16000,46000,0
1965,24000,46000,0
1364,15000,44000,0
163,19000,48000,0
2401,40000,74000,1
824,25000,42000,0
446,21000,46000,0
952,22000,44000,0
2595,41000,70000,1
1468,25000,42000,0
926,26000,48000,0
492,26000,40000,0
804,16000,30000,0
3855,37000,72000,1
1400,16000,48000,0
2477,38000,76000,1
1270,19000,46000,0
2409,40000,72000,1
2843,41000,80000,1
3116,45000,84000,1
1651,21000,46000,0
3645,37000,74000,1
1598,20000,44000,0
3402,38000,74000,1
1374,17000,42000,0
2378,39000,90000,1
3742,38000,72000,1
983,20000,44000,0
692,19000,34000,0
177,23000,42000,0
2663,45000,76000,1
3779,38000,72000,1
326,22000,44000,0
2180,36000,90000,1
3131,34000,84000,1
1185,21000,46000,0
3862,39000,78000,1
3476,33000,84000,1
2900,37000,90000,1
714,23000,44000,0
1034,21000,52000,0
3154,35000,80000,1
1454,24000,42000,0
1014,24000,52000,0
320,23000,40000,0
1481,20000,42000,0
2933,37000,82000,1
3928,41000,82000,1
480,24000,34000,0
1737,23000,42000,0
3746,37000,74000,1
1030,17000,52000,0
1694,22000,42000,0
2315,42000,76000,1
2056,38000,68000,1
2259,37000,78000,1
1611,23000,42000,0
3010,45000,78000,1
596,15000,40000,0
3869,43000,74000,1
2318,39000,78000,1
3826,36000,78000,1
3954,44000,80000,1
1911,22000,46000,0
134,23000,48000,0
1451,23000,40000,0
1292,21000,42000,0
3102,37000,78000,1
281,26000,48000,0
1280,22000,44000,0
700,22000,52000,0
1942,15000,42000,0
379,25000,34000,0
2302,34000,86000,1
3055,42000,76000,1
363,15000,48000,0
108,21000,44000,0
949,16000,42000,0
1356,22000,40000,0
1916,18000,44000,0
2132,42000,90000,1
3087,41000,76000,1
2178,41000,84000,1
2744,43000,78000,1
187,16000,34000,0
2440,36000,72000,1
696,21000,48000,0
189,24000,42000,0
2662,34000,76000,1
2701,36000,84000,1
268,19000,40000,0
2348,40000,76000,1
1492,23000,50000,0
2165,33000,78000,1
3622,35000,86000,1
129,23000,50000,0
2626,35000,82000,1
409,17000,42000,0
1308,20000,46000,0
1832,25000,36000,0
942,17000,42000,0
459,21000,52000,0
2110,39000,78000,1
1211,21000,40000,0
1771,22000,30000,0
2364,40000,70000,1
1184,24000,32000,0
1864,21000,30000,0
2265,43000,84000,1
426,16000,40000,0
1318,23000,42000,0
799,20000,50000,0
2899,41000,80000,1
1223,20000,34000,0
2796,44000,86000,1
1027,19000,44000,0
3532,45000,76000,1
698,22000,52000,0
2324,37000,76000,1
3221,44000,76000,1
1247,25000,44000,0
2531,37000,88000,1
2389,35000,70000,1
1146,22000,48000,0
3052,37000,76000,1
2186,34000,78000,1
3003,42000,74000,1
3984,33000,86000,1
1704,22000,40000,0
894,22000,30000,0
2272,40000,80000,1
3340,37000,80000,1
993,21000,42000,0
2136,36000,76000,1
3434,34000,74000,1
1703,25000,36000,0
1497,21000,46000,0
573,21000,48000,0
3137,38000,86000,1
1379,19000,48000,0
2199,44000,68000,1
1576,20000,30000,0
3121,37000,76000,1
3215,38000,86000,1
3120,40000,82000,1
1076,23000,50000,0
342,22000,38000,0
1601,22000,50000,0
2025,38000,80000,1
3,18000,52000,0
3362,36000,78000,1
3854,33000,68000,1
22,19000,48000,0
193,23000,40000,0
1382,23000,44000,0
3979,45000,84000,1
2561,37000,74000,1
733,21000,48000,0
1145,22000,42000,0
1216,25000,40000,0
1894,22000,50000,0
478,22000,44000,0
2589,41000,70000,1
528,22000,34000,0
954,21000,36000,0
732,24000,44000,0
3643,34000,68000,1
681,26000,30000,0
1880,21000,44000,0
82,22000,44000,0
3237,37000,82000,1
3813,37000,88000,1
1961,22000,44000,0
788,22000,44000,0
1564,21000,36000,0
3358,36000,76000,1
2743,38000,86000,1
191,22000,46000,0
1560,23000,42000,0
1510,24000,46000,0
1591,21000,36000,0
1448,23000,44000,0
3342,33000,78000,1
1580,18000,36000,0
2692,43000,70000,1
937,24000,40000,0
300,23000,38000,0
2174,42000,88000,1
3036,36000,70000,1
2857,37000,74000,1
2232,36000,88000,1
3071,40000,72000,1
2035,37000,86000,1
2366,39000,84000,1
3773,33000,78000,1
2226,33000,90000,1
3462,36000,82000,1
2,19000,40000,0
3074,39000,88000,1
2402,38000,80000,1
1813,22000,46000,0
868,20000,44000,0
917,22000,46000,0
2336,33000,74000,1
1798,23000,34000,0
3049,38000,66000,1
1687,20000,46000,0
2368,37000,72000,1
3506,37000,66000,1
1469,24000,44000,0
3226,43000,74000,1
1922,22000,52000,0
2661,39000,78000,1
81,21000,44000,0
3170,37000,74000,1
2388,36000,90000,1
861,21000,46000,0
1534,20000,44000,0
2102,38000,74000,1
3975,40000,90000,1
616,22000,46000,0
1044,24000,38000,0
3690,37000,90000,1
1584,26000,30000,0
1980,19000,40000,0
73,20000,44000,0
2795,36000,72000,1
317,24000,34000,0
3405,34000,88000,1
3008,38000,76000,1
734,23000,34000,0
2016,36000,74000,1
2478,37000,68000,1
1648,23000,44000,0
1859,23000,44000,0
1101,21000,52000,0
1910,24000,42000,0
2325,39000,66000,1
234,18000,42000,0
1928,22000,36000,0
1944,18000,42000,0
1507,23000,46000,0
2394,41000,76000,1
3403,39000,78000,1
199,21000,44000,0
2077,40000,76000,1
202,26000,32000,0
25,21000,32000,0
2909,40000,86000,1
2323,34000,70000,1
2034,35000,84000,1
3349,37000,74000,1
1757,21000,46000,0
2449,40000,78000,1
3145,37000,82000,1
2123,33000,90000,1
3225,37000,74000,1
2010,45000,80000,1
636,24000,30000,0
1947,20000,34000,0
1684,23000,48000,0
1655,18000,30000,0
3031,40000,78000,1
2923,44000,86000,1
150,18000,30000,0
2545,34000,80000,1
2156,40000,78000,1
1305,24000,34000,0
2342,43000,88000,1
3350,37000,72000,1
38,21000,38000,0
324,26000,44000,0
315,18000,38000,0
723,22000,34000,0
812,23000,32000,0
1723,19000,50000,0
1153,17000,42000,0
95,21000,40000,0
8,21000,46000,0
953,23000,46000,0
1190,23000,42000,0
1842,15000,40000,0
3377,40000,70000,1
2154,43000,76000,1
1296,24000,40000,0
3920,40000,80000,1
185,23000,36000,0
346,21000,30000,0
1137,15000,48000,0
2574,35000,72000,1
3567,36000,68000,1
645,21000,36000,0
359,20000,42000,0
914,25000,32000,0
2429,36000,72000,1
1200,23000,46000,0
2808,39000,68000,1
3298,39000,74000,1
2329,35000,88000,1
3726,36000,76000,1
1743,25000,40000,0
702,22000,44000,0
2914,45000,76000,1
2121,38000,78000,1
1750,17000,46000,0
3251,33000,74000,1
1742,25000,44000,0
2051,35000,76000,1
3510,37000,74000,1
255,19000,48000,0
595,25000,52000,0
1972,21000,52000,0
976,24000,44000,0
1610,22000,52000,0
2745,36000,76000,1
205,17000,48000,0
697,23000,46000,0
3274,42000,74000,1
2807,38000,66000,1
699,20000,52000,0
2958,44000,80000,1
746,23000,40000,0
2313,37000,86000,1
408,24000,40000,0
3781,36000,74000,1
2441,33000,66000,1
2751,40000,80000,1
2726,41000,76000,1
1142,17000,52000,0
3914,39000,86000,1
3697,36000,76000,1
3752,42000,74000,1
2426,40000,72000,1
1957,20000,52000,0
2547,44000,74000,1
390,15000,48000,0
1516,15000,44000,0
881,20000,46000,0
2314,42000,72000,1
1264,21000,32000,0
3699,40000,74000,1
2294,38000,72000,1
908,23000,44000,0
660,21000,40000,0
3904,34000,76000,1
3366,34000,86000,1
1622,20000,40000,0
1679,23000,34000,0
576,17000,48000,0
2060,37000,74000,1
3915,37000,80000,1
1477,21000,48000,0
2858,37000,76000,1
1741,25000,44000,0
2579,37000,80000,1
256,20000,46000,0
1906,26000,50000,0
3520,37000,88000,1
3344,39000,86000,1
2263,45000,80000,1
521,21000,36000,0
2592,38000,80000,1
1568,21000,42000,0
3839,40000,70000,1
3563,37000,74000,1
3932,39000,76000,1
1338,15000,40000,0
2740,40000,80000,1
2761,41000,74000,1
1828,21000,46000,0
345,26000,40000,0
3099,42000,74000,1
1988,18000,44000,0
1011,26000,44000,0
2882,40000,78000,1
1417,26000,48000,0
2863,39000,90000,1
1065,26000,46000,0
2271,40000,80000,1
535,23000,44000,0
859,22000,36000,0
3370,40000,76000,1
1617,21000,42000,0
2098,40000,70000,1
3872,38000,80000,1
3267,37000,70000,1
2299,36000,80000,1
2063,38000,70000,1
3632,45000,72000,1
2705,39000,82000,1
1392,22000,42000,0
704,23000,44000,0
252,20000,50000,0
3846,35000,74000,1
3875,38000,74000,1
1326,20000,48000,0
878,25000,46000,0
401,20000,48000,0
630,22000,44000,0
1823,25000,42000,0
3707,38000,74000,1
1818,24000,38000,0
2810,39000,74000,1
922,20000,40000,0
3701,37000,78000,1
54,20000,42000,0
3214,40000,84000,1
2042,40000,74000,1
611,20000,42000,0
574,26000,48000,0
1381,25000,50000,0
3933,34000,88000,1
2831,41000,86000,1
872,17000,52000,0
2171,38000,80000,1
238,17000,34000,0
3218,38000,90000,1
2115,36000,74000,1
3819,36000,70000,1
989,26000,36000,0
1812,19000,44000,0
2380,43000,72000,1
3035,44000,76000,1
1941,24000,42000,0
906,15000,48000,0
1252,23000,38000,0
1062,22000,44000,0
2252,38000,80000,1
1293,22000,34000,0
2642,33000,70000,1
3410,38000,76000,1
1509,24000,46000,0
2227,37000,74000,1
2351,38000,68000,1
1240,25000,42000,0
2264,39000,86000,1
2668,40000,80000,1
2698,33000,88000,1
2610,38000,76000,1
1503,20000,34000,0
3639,38000,66000,1
2202,41000,74000,1
2806,38000,76000,1
2814,35000,88000,1
3147,40000,76000,1
3586,40000,74000,1
226,26000,34000,0
1135,21000,46000,0
2292,44000,80000,1
2953,36000,90000,1
1423,20000,44000,0
3765,39000,70000,1
2573,34000,74000,1
2800,36000,72000,1
2860,34000,74000,1
455,21000,30000,0
2888,42000,88000,1
475,25000,46000,0
499,22000,40000,0
3004,37000,84000,1
454,22000,42000,0
3987,33000,76000,1
299,21000,36000,0
2201,43000,90000,1
3315,39000,70000,1
1945,23000,36000,0
2734,40000,88000,1
2036,38000,86000,1
835,24000,40000,0
3750,38000,74000,1
1515,17000,32000,0
1736,15000,46000,0
2494,38000,88000,1
3759,43000,78000,1
3603,42000,84000,1
1971,23000,42000,0
1312,24000,44000,0
682,23000,50000,0
2345,33000,82000,1
1538,26000,42000,0
726,24000,46000,0
1983,19000,48000,0
1028,20000,42000,0
2247,44000,74000,1
100,22000,48000,0
1494,22000,44000,0
1022,18000,42000,0
1116,19000,42000,0
261,21000,52000,0
2643,36000,84000,1
2197,33000,72000,1
515,25000,46000,0
2905,35000,80000,1
1762,20000,34000,0
984,24000,30000,0
3894,36000,72000,1
1886,20000,46000,0
2079,44000,76000,1
740,15000,44000,0
504,22000,46000,0
1015,25000,44000,0
3512,38000,78000,1
2542,34000,88000,1
2435,39000,84000,1
503,17000,32000,0
2120,40000,68000,1
3725,36000,72000,1
3262,42000,86000,1
2076,38000,68000,1
485,24000,52000,0
1919,22000,46000,0
891,20000,42000,0
2955,40000,78000,1
1858,26000,44000,0
1399,15000,46000,0
2506,40000,84000,1
347,21000,48000,0
3797,41000,78000,1
3242,37000,74000,1
1793,22000,40000,0
77,22000,46000,0
2826,44000,72000,1
2704,35000,76000,1
1178,16000,46000,0
307,20000,48000,0
2984,38000,84000,1
340,21000,42000,0
1524,20000,42000,0
1218,20000,46000,0
920,23000,42000,0
3912,38000,78000,1
2646,44000,70000,1
3758,40000,76000,1
1398,23000,46000,0
1969,21000,44000,0
531,20000,42000,0
3169,38000,74000,1
1179,26000,36000,0
1661,23000,30000,0
1224,18000,44000,0
3681,42000,74000,1
778,15000,44000,0
3493,38000,66000,1
916,26000,46000,0
1453,20000,46000,0
1930,21000,46000,0
896,18000,44000,0
1230,24000,38000,0
1320,23000,48000,0
2353,41000,72000,1
1422,24000,32000,0
2446,36000,78000,1
1432,16000,42000,0
3994,39000,80000,1
1300,21000,40000,0
371,21000,48000,0
3883,43000,78000,1
2985,42000,82000,1
1276,23000,46000,0
3655,37000,70000,1
2674,40000,72000,1
1221,20000,42000,0
2767,40000,88000,1
294,20000,42000,0
2538,38000,68000,1
3152,42000,72000,1
529,19000,30000,0
1158,20000,40000,0
161,23000,30000,0
2567,44000,80000,1
1711,21000,52000,0
3669,40000,90000,1
1085,24000,48000,0
3982,38000,82000,1
907,25000,44000,0
3166,34000,86000,1
828,22000,42000,0
1239,21000,46000,0
1187,26000,44000,0
1138,26000,40000,0
2873,39000,68000,1
3557,42000,80000,1
3425,43000,76000,1
2880,38000,74000,1
109,22000,48000,0
3564,38000,78000,1
1526,25000,44000,0
2296,45000,66000,1
1149,21000,34000,0
1959,22000,48000,0
1885,19000,32000,0
548,15000,46000,0
1979,20000,46000,0
1049,15000,42000,0
1695,23000,50000,0
1229,22000,40000,0
1433,26000,38000,0
3870,41000,78000,1
2554,37000,72000,1
818,22000,42000,0
3335,41000,76000,1
766,18000,46000,0
407,19000,42000,0
991,19000,44000,0
1612,19000,44000,0
2749,42000,88000,1
287,22000,32000,0
2697,40000,76000,1
2421,35000,78000,1
2489,36000,70000,1
3212,41000,80000,1
3897,37000,88000,1
800,16000,50000,0
2221,40000,80000,1
29,22000,42000,0
348,22000,40000,0
1749,21000,36000,0
1517,26000,42000,0
497,19000,38000,0
2846,37000,74000,1
470,19000,44000,0
1418,24000,32000,0
3400,41000,74000,1
2393,39000,88000,1
585,20000,42000,0
2774,36000,80000,1
3230,40000,82000,1
3923,36000,72000,1
2022,44000,78000,1
3333,41000,80000,1
2763,38000,72000,1
192,20000,50000,0
3966,37000,66000,1
3788,33000,72000,1
3986,39000,74000,1
1857,23000,46000,0
3940,37000,82000,1
3112,43000,72000,1
1685,19000,44000,0
1778,15000,40000,0
321,22000,44000,0
415,23000,42000,0
1844,25000,40000,0
747,16000,44000,0
2162,45000,66000,1
2820,39000,76000,1
1633,21000,32000,0
1309,22000,46000,0
607,21000,48000,0
3537,38000,78000,1
555,23000,46000,0
243,22000,34000,0
2053,38000,72000,1
745,19000,44000,0
2135,38000,86000,1
2234,36000,74000,1
2038,39000,80000,1
3466,36000,80000,1
197,24000,44000,0
3709,39000,76000,1
2804,37000,88000,1
3016,36000,74000,1
2195,34000,70000,1
3454,39000,68000,1
2275,37000,86000,1
944,25000,48000,0
2550,37000,68000,1
3796,44000,76000,1
1328,15000,48000,0
996,23000,36000,0
2721,39000,70000,1
3465,40000,76000,1
3514,39000,78000,1
250,21000,50000,0
1476,23000,48000,0
2861,37000,88000,1
1920,23000,44000,0
1395,20000,48000,0
2598,38000,74000,1
3776,43000,74000,1
796,23000,52000,0
1480,25000,46000,0
1641,22000,44000,0
3976,37000,76000,1
3704,43000,74000,1
3191,38000,84000,1
756,26000,40000,0
866,19000,40000,0
166,23000,46000,0
1709,20000,48000,0
3576,37000,66000,1
3477,35000,84000,1
1043,18000,46000,0
2707,42000,76000,1
1902,18000,40000,0
888,21000,40000,0
2770,34000,86000,1
1712,24000,50000,0
774,21000,40000,0
2328,40000,74000,1
1148,16000,34000,0
1371,15000,42000,0
3096,37000,90000,1
1110,22000,34000,0
837,21000,38000,0
3571,33000,76000,1
1887,26000,50000,0
310,21000,46000,0
3827,38000,90000,1
790,21000,44000,0
1449,26000,42000,0
2562,45000,72000,1
3527,37000,80000,1
285,18000,42000,0
534,20000,30000,0
2824,35000,66000,1
3142,39000,76000,1
1172,21000,38000,0
162,23000,46000,0
2081,33000,80000,1
523,20000,42000,0
763,18000,30000,0
2444,40000,66000,1
3992,41000,90000,1
1970,23000,42000,0
1765,22000,44000,0
3700,38000,82000,1
3545,37000,70000,1
3526,43000,68000,1
2608,39000,88000,1
2886,40000,78000,1
2638,37000,76000,1
2713,44000,72000,1
2667,41000,70000,1
1070,21000,32000,0
2534,42000,72000,1
2182,36000,84000,1
3774,37000,84000,1
2802,36000,76000,1
3685,45000,80000,1
3300,38000,88000,1
1935,18000,34000,0
2832,34000,76000,1
385,25000,50000,0
1056,21000,40000,0
2604,45000,72000,1
1948,21000,32000,0
2908,38000,90000,1
773,17000,44000,0
3534,36000,88000,1
194,21000,42000,0
1836,20000,36000,0
3396,37000,88000,1
1231,23000,40000,0
387,24000,50000,0
495,23000,50000,0
693,17000,44000,0
3721,33000,72000,1
1181,24000,46000,0
208,23000,42000,0
2379,42000,80000,1
1114,22000,46000,0
2612,44000,88000,1
2851,42000,68000,1
588,22000,30000,0
3194,45000,74000,1
557,26000,42000,0
2640,43000,72000,1
659,16000,40000,0
356,22000,36000,0
3327,42000,74000,1
3126,37000,82000,1
1634,23000,46000,0
1471,21000,38000,0
3722,42000,66000,1
403,22000,40000,0
2769,38000,68000,1
322,24000,42000,0
3075,39000,72000,1
2467,37000,70000,1
3816,33000,76000,1
3442,33000,82000,1
3728,40000,76000,1
1141,23000,44000,0
3795,43000,74000,1
2954,36000,80000,1
10,23000,34000,0
159,16000,42000,0
198,23000,42000,0
404,19000,46000,0
2239,39000,76000,1
601,19000,36000,0
3810,38000,88000,1
644,25000,36000,0
814,23000,46000,0
1251,23000,44000,0
2962,41000,76000,1
975,21000,48000,0
160,23000,30000,0
2508,37000,66000,1
1903,24000,38000,0
309,24000,40000,0
2765,39000,86000,1
1605,23000,40000,0
519,15000,42000,0
3354,38000,66000,1
3867,38000,68000,1
1108,21000,40000,0
3623,41000,72000,1
2381,33000,84000,1
2565,38000,74000,1
3457,38000,78000,1
2719,36000,74000,1
3411,37000,66000,1
1652,19000,48000,0
282,23000,48000,0
2569,39000,72000,1
1586,15000,40000,0
2362,38000,76000,1
3766,38000,76000,1
826,23000,42000,0
9,15000,46000,0
221,24000,32000,0
138,15000,42000,0
1249,15000,42000,0
3271,40000,74000,1
526,25000,44000,0
1519,23000,46000,0
1143,23000,44000,0
754,17000,38000,0
3805,34000,74000,1
2949,37000,72000,1
3320,34000,86000,1
2723,43000,72000,1
886,26000,36000,0
