Price,Weight,Type
23800.27254,64034.491839999995,0
20087.15886,53027.94776,1
23512.02061,62372.91515,0
23923.041380000002,61083.81755,0
23451.481490000002,60708.69847,0
19935.7581,50425.76452,1
19192.13339,53063.5422,1
19822.22009,50691.51686,1
24697.99654,63177.342970000005,0
23861.57445,62484.61195,0
24554.41981,61027.88284,0
24208.6996,62627.31571,0
22782.155430000003,62037.73251,0
19504.28167,51602.09061,1
23581.70036,61362.149710000005,0
23798.98339,63507.93276,0
19469.267030000003,51635.52209,1
20026.75923,52685.57212,1
19859.37455,49751.85394,1
19676.70856,50766.485069999995,1
19991.72589,51272.28355,1
24410.059569999998,63426.272829999994,0
23912.32513,62931.04882999999,0
24193.33197,62335.94185,0
20160.82446,52524.39293,1
23689.96865,62945.64125,0
24051.83104,63890.5831,0
20286.95994,52550.70794,1
23318.908480000002,61367.15957999999,0
24368.19339,63686.11106,0
19852.87282,50593.23639,1
19443.22978,52549.43776,1
23496.83063,61922.52789,0
23909.23896,63092.94829,0
23492.11656,62035.00871,0
19944.76137,52286.664939999995,1
20106.804640000002,55247.825979999994,1
24323.07255,61160.621960000004,0
19693.292269999998,53864.229060000005,1
23553.90387,60886.24119,0
23989.039969999998,59425.86934,0
24310.529,62443.02507999999,0
24020.441919999997,60293.59142999999,0
20294.256840000002,50768.389610000006,1
20113.73847,51179.93764,1
20076.57565,51693.24981,1
19539.36016,52839.45377,1
23355.08772,63562.07939,0
23982.11516,59554.07939,0
19957.898569999998,52435.03819,1
23799.52725,62718.545860000006,0
20021.88715,53903.6324,1
24180.79002,62697.79436,0
24609.59806,63624.25343,0
24273.58255,63448.02819,0
20213.95936,51060.211110000004,1
19684.35831,51223.96321,1
24307.28751,64881.766070000005,0
19708.25379,53512.840789999995,1
24496.0823,63854.100660000004,0
20316.49651,51752.71924,1
19538.135130000002,50963.26058,1
20214.16751,53336.74418,1
24040.54604,62043.95299,0
24811.95297,61031.59258,0
19854.963509999998,51305.19489,1
24486.809259999998,62273.955720000005,0
24089.90482,60594.838789999994,0
24893.38421,62245.04189,0
20369.99051,49478.47442,1
20235.011880000002,51924.583660000004,1
20165.08418,51949.72354,1
23689.03097,62709.981289999996,0
20216.718119999998,50475.1204,1
20604.54167,52127.747610000006,1
23859.96644,61104.438120000006,0
20093.29294,51659.82125,1
24562.76953,61116.409210000005,0
19263.14051,51065.85938,1
23426.21591,60613.4432,0
24327.80644,63239.6003,0
20400.11306,49374.85751,1
19984.32587,51705.26916,1
24251.25092,61570.44847999999,0
19877.29212,51462.497489999994,1
24074.82836,62495.14054,0
19544.153319999998,52766.86793,1
19680.26915,51050.95381,1
25096.501369999998,62727.108779999995,0
20078.407430000003,53554.679319999996,1
23870.943890000002,63212.94325,0
19865.524419999998,54254.0317,1
19494.32089,49911.51767,1
24243.46904,61861.01017,0
24319.96574,61063.87873,0
19562.26919,51185.11353,1
19774.26286,51522.25047,1
24126.38726,62534.16368,0
20306.08472,53403.89682,1
20088.7125,52080.726689999996,1
24663.69323,60601.73579,0
24123.41533,62652.29722000001,0
19357.78312,52515.741819999996,1
23776.91433,62419.06032999999,0
24175.69876,59786.356920000006,0
23469.281919999998,64334.80877,0
23804.56669,62992.58979,0
20038.14109,50926.08517,1
24734.70337,63929.94059,0
19496.09759,52100.60664,1
20115.75548,52915.91708,1
23566.48858,59744.69429,0
24189.26956,61940.80312999999,0
20358.42994,51809.089510000005,1
20395.614530000003,54228.73067999999,1
20637.60119,51318.29161,1
24125.52789,62728.58146,0
24115.363569999998,64611.07154,0
23986.527619999997,63024.00585,0
24083.46981,62553.99579,0
20266.20377,49633.85983,1
19592.634130000002,52655.54582,1
19753.313140000002,52918.628730000004,1
23930.99438,63250.91541,0
19417.29527,51556.53093,1
19719.368019999998,53890.11924,1
20198.07556,50907.620039999994,1
24304.357509999998,61993.26433,0
24435.94201,63350.35046,0
20346.74386,50208.433639999996,1
20125.58249,52534.30882,1
19650.00596,52910.64292,1
19920.12285,50606.950880000004,1
23731.99817,61068.637189999994,0
20408.95659,53097.96611,1
20349.78521,50875.856810000005,1
24297.7207,60400.449720000004,0
24252.66643,62996.76037,0
20122.29589,50469.05188,1
20000.37876,50536.78101,1
23887.346719999998,61673.8289,0
19855.47834,51271.69011,1
23462.718969999998,63107.55599,0
24174.68872,62149.09518,0
19715.04485,53443.222089999996,1
23841.90508,61644.566360000004,0
24286.23744,61149.10506,0
24974.34405,60873.20903,0
24292.64443,60433.33979,0
19843.52749,51721.85353,1
20041.0251,51517.62571,1
20032.403469999997,52682.948189999996,1
20241.70175,51700.619510000004,1
23610.01426,59939.032979999996,0
23213.768180000003,61544.78400000001,0
24092.338490000002,62333.269329999996,0
19314.13971,50580.93726,1
23723.97839,62800.18479,0
23580.72222,62476.85109,0
23553.45612,60177.781189999994,0
23894.74571,60440.13732,0
23632.22208,60951.645939999995,0
19333.81801,53461.30792,1
20187.9978,51925.319110000004,1
24095.45804,61788.60611,0
24170.73539,61044.90832,0
24352.11031,63675.84321,0
23983.96257,62254.796879999994,0
19848.277280000002,52616.66508,1
19163.00596,52102.9603,1
23808.730509999998,62977.875770000006,0
20198.21435,52412.340710000004,1
19108.31129,52737.77257,1
20736.49774,50949.96515,1
23832.47193,63355.34361,0
20081.56006,49301.24435,1
23809.52499,63618.06824,0
24180.06551,63119.19617999999,0
19902.34688,52435.75963,1
20168.20644,51145.27981,1
19750.73521,53135.86315,1
19926.54289,50370.072210000006,1
20257.90849,51953.48261,1
20446.734109999998,52940.11843,1
24468.02648,62511.51508,0
23958.662640000002,60808.692489999994,0
19810.640180000002,52540.92879,1
19946.333,50952.66386,1
24428.619430000002,63055.722310000005,0
19770.6836,51406.51728,1
23925.30332,63759.967639999995,0
20504.01513,51832.89071,1
24444.26973,61734.94908,0
23115.65644,62939.04032000001,0
23766.8158,63202.733329999995,0
20806.72851,49419.23742,1
20200.4867,51359.15029,1
20013.220859999998,52482.712960000004,1
20166.50748,50926.273310000004,1
23906.48161,60491.943620000005,0
19839.82375,50778.09587,1
24009.4455,61071.00115,0
20088.19868,51651.621960000004,1
23811.149830000002,61749.18784,0
19057.45059,52895.375660000005,1
24358.65685,61279.19927999999,0
19491.5225,50231.97185,1
20106.15954,51215.824889999996,1
19910.41547,54093.42084,1
19378.83486,53477.25789,1
20417.31144,53125.48074,1
23331.386609999998,62133.588070000005,0
19685.19836,53643.12253,1
24001.536180000003,63619.170079999996,0
18969.34513,51856.24724,1
20539.94941,53300.59437,1
19170.15894,51004.206560000006,1
24130.77352,61928.60072,0
19495.63911,51398.492589999994,1
19890.6331,50219.137689999996,1
23943.90449,62812.07025,0
19778.68431,50921.43107,1
19329.41776,50477.62648,1
24676.93581,62746.08075,0
19865.12902,53834.88141,1
23111.20521,63099.06812999999,0
24523.55886,61173.97715,0
23566.25563,62984.095779999996,0
24200.9064,63556.025129999995,0
19527.4805,53594.98753,1
24112.844119999998,61508.56579,0
24496.53264,64527.53294,0
20252.89802,52622.4983,1
19863.71431,52072.60171,1
20162.61416,50170.898760000004,1
19716.97173,50006.49422,1
20147.185,51277.210210000005,1
23979.74898,61047.924179999995,0
23782.39261,60324.03442999999,0
19701.60091,52987.756519999995,1
20171.49043,53109.90221,1
19526.58027,51886.63852,1
20283.33987,52185.91874,1
20113.25044,52654.80652,1
23326.9851,60976.277570000006,0
19511.4416,51693.86037,1
23744.42294,62691.8956,0
20533.40248,54316.87382000001,1
24100.04591,61343.17641,0
20250.59069,52469.12607,1
19065.84028,50363.823919999995,1
24249.01942,62667.495460000006,0
19165.09225,49125.79353,1
23942.198080000002,62400.54471,0
19904.38115,53321.89377,1
20744.3111,51891.61687,1
24410.39641,62743.22844,0
24444.29768,60929.197510000005,0
23835.29363,61997.58377999999,0
19983.32353,51610.53276,1
20261.511919999997,51332.94034,1
20089.153830000003,50198.61775,1
19673.52805,52425.759000000005,1
20360.9085,52814.245160000006,1
19937.06365,52393.273960000006,1
24093.87799,60731.62134,0
23606.94025,62813.11762999999,0
19858.02851,51174.01459,1
24474.199419999997,62578.512989999996,0
20343.55734,51024.78441,1
19463.78459,52760.53835,1
19226.152869999998,51746.47415,1
24174.26456,61774.013329999994,0
19903.48477,51242.35387,1
20016.75128,50067.6919,1
24221.462919999998,62435.94865,0
24077.47264,62137.9488,0
24216.38246,63055.80613,0
24276.47125,64178.691960000004,0
24221.86914,60399.02661,0
20313.076380000002,51407.35068,1
24205.72619,62817.96988,0
24708.83716,62748.408079999994,0
19619.00401,52831.6454,1
21140.253819999998,49472.16376,1
19547.91747,49965.30287,1
24284.992430000002,64117.23922,0
24351.27856,60875.0535,0
20260.3085,51283.53228,1
23967.07818,61490.26248,0
20063.4991,50749.45474,1
24073.92241,62239.748779999994,0
23466.68506,62739.98184,0
20515.88089,49455.7564,1
24146.4189,62401.610329999996,0
19580.87001,52940.40603,1
24029.1038,61431.750720000004,0
20284.86303,51568.527930000004,1
23715.22824,62998.80087000001,0
20185.13879,51423.818289999996,1
19782.85486,51728.198169999996,1
23600.11952,60183.8963,0
20167.02722,50836.30288,1
24163.331159999998,60953.60389,0
20240.69256,52275.354230000004,1
20161.14561,54036.35149,1
24101.71325,63009.079529999995,0
23363.29034,62680.230879999996,0
19707.72407,51122.13312,1
19938.72096,51339.3705,1
23380.43416,62776.79287999999,0
23869.46822,61300.251370000005,0
23771.446969999997,61867.607410000004,0
23760.26816,60436.37532000001,0
24180.13211,62799.33107000001,0
24375.851769999997,61351.357110000004,0
20284.15705,52581.43895,1
20657.2376,53272.11835,1
20398.94791,52655.07223,1
19700.91295,51692.58973,1
19848.1145,52691.347180000004,1
24158.49029,62884.451839999994,0
20502.903459999998,53108.8219,1
24086.6172,62345.348979999995,0
20293.40011,52146.59798,1
19503.06525,51484.31039,1
23402.20477,60797.77168,0
19827.90009,51983.61818,1
24392.12636,60532.171539999996,0
19957.51761,49087.66173,1
23512.93765,61289.88006,0
19793.938140000002,53005.705089999996,1
19779.5732,53797.33176,1
20495.91317,53810.7396,1
24868.89115,61605.916789999996,0
19405.88237,51135.804769999995,1
23504.728880000002,62332.008689999995,0
19697.453859999998,51742.10005,1
23984.23239,63324.61622999999,0
19648.22779,51662.121060000005,1
24111.95046,63600.23937,0
20522.704530000003,52274.82078,1
24153.37498,62308.96124,0
24368.89804,63660.666,0
19575.88511,52804.50958,1
23835.10771,60819.86396,0
20577.70231,52930.62889,1
19710.80098,52078.78769,1
20083.93485,53709.75731,1
23659.30952,62284.91087000001,0
23896.56846,62101.03396,0
20737.003380000002,50764.56058,1
23761.80376,61434.06565,0
19504.300619999998,52329.097180000004,1
24161.85508,61858.999079999994,0
23419.03966,60450.30519,0
19544.271,48692.883,1
19670.79096,52642.50276,1
24020.350130000003,64229.21423,0
20629.7804,49363.51436,1
24222.13881,61241.11237,0
19822.52874,50257.94463,1
20023.94645,50306.86465,1
20245.45482,50999.00376,1
20357.949569999997,53188.423610000005,1
19931.63915,52715.37186,1
24541.96086,62977.646570000004,0
20321.8969,51335.666769999996,1
20020.713480000002,50931.32176,1
21264.91479,50066.53872,1
19541.006999999998,51770.57617,1
19877.29718,52652.952769999996,1
23731.77621,63609.599160000005,0
20363.95756,52949.48791,1
24624.68466,61929.51761,0
22880.99309,61904.130189999996,0
19957.93796,51918.49049,1
24097.5553,60439.964120000004,0
20371.09991,51536.86344,1
19854.597130000002,50026.20743,1
19812.77663,52322.498230000005,1
19031.47835,52595.77789,1
24038.61629,59424.33809,0
23875.41359,60136.379689999994,0
23617.48185,62477.83274,0
23719.231819999997,62266.24789,0
20004.39355,50257.25799,1
23538.15947,63228.05354,0
24844.21661,61858.125,0
23777.988230000003,63728.51889,0
20209.09632,50070.50597,1
19854.92508,50867.56265,1
24266.46071,62967.59729,0
20555.41758,53148.67238,1
19434.6415,50668.72101,1
23504.955009999998,60190.000920000006,0
24167.50997,63238.977920000005,0
19926.8814,52039.75972,1
23797.55832,60048.619979999996,0
23413.41625,62406.29528,0
23937.817740000002,61809.66858,0
20347.458280000003,52711.353610000006,1
19654.60664,51506.648160000004,1
23938.92294,62077.05659,0
24185.090119999997,61457.573229999995,0
23133.73141,62227.49961,0
19976.78069,50242.756760000004,1
19346.060859999998,51733.077639999996,1
20459.37271,52186.00836,1
20522.82893,52088.64522,1
23349.76178,62170.631910000004,0
20190.43431,50726.37047,1
24543.85111,61409.24611,0
19784.776830000003,51256.02065,1
24642.60723,61684.88868,0
19557.634159999998,51464.18399,1
18613.095980000002,53627.60927,1
23884.22111,63107.22549,0
23620.8809,62442.30391,0
19613.816769999998,52416.26848,1
20152.0932,53773.911360000006,1
23950.42766,63281.37501,0
19331.00138,52726.06203,1
24314.911969999997,61301.07967000001,0
20035.35127,50523.48403,1
24504.24708,61533.283520000005,0
24254.33023,60786.88442,0
19925.30561,53710.199689999994,1
24238.10717,63398.38559,0
23540.6654,63184.48692,0
23847.14903,61005.050610000006,0
23355.50215,63612.95996,0
24637.81309,62047.731270000004,0
24096.39075,60735.96407,0
19611.28345,51936.716089999994,1
23726.13592,62946.97459,0
24227.90585,60949.561779999996,0
19891.17505,52759.74514,1
20469.089630000002,49245.624639999995,1
23811.300040000002,59659.78984,0
20334.633980000002,51505.34429,1
23421.51716,60361.491239999996,0
23002.66733,62776.85449,0
20652.6207,53915.9442,1
20503.19695,51828.30309,1
19581.382990000002,50889.64092,1
24354.882380000003,61584.18841,0
23639.181230000002,61902.5194,0
19851.70807,52401.119210000004,1
20282.56339,53082.08364,1
20439.74681,51340.86844,1
23660.37147,62754.52239,0
23842.15043,60441.92442,0
19745.94952,50505.9586,1
19582.64999,51956.684539999995,1
19594.04456,52817.13457,1
19474.07847,50102.01021,1
24092.39294,61403.68407,0
23990.95645,60558.49031,0
23375.51783,63374.747189999995,0
23999.30735,59640.57615,0
19854.065309999998,52409.8885,1
19552.19813,53626.438369999996,1
23580.35741,62413.94695,0
23978.12485,61107.016279999996,0
19948.52908,54594.78073,1
19801.29121,52897.95198,1
24047.18981,62603.627270000005,0
20293.956280000002,53214.17188,1
21041.53646,48525.58861,1
24451.23776,61785.113829999995,0
20075.22721,52815.82333,1
23890.78025,60660.40187,0
23088.589509999998,59997.699029999996,0
19198.24508,52533.5664,1
19842.47357,51393.39269,1
24647.04471,62041.5578,0
19922.697119999997,52276.92246,1
24868.9935,65916.04575,0
23375.54488,60740.85177000001,0
19672.00047,52675.32443,1
20495.37335,51005.16996,1
23722.791719999997,61172.881729999994,0
19603.04956,52267.71151,1
19623.0073,50838.601480000005,1
19542.733930000002,51270.94062,1
19936.75458,54544.36223,1
20284.3801,50801.48713,1
23977.87851,61802.73197000001,0
20586.135130000002,50885.24052,1
23764.49584,63372.7119,0
24534.38798,62369.97259,0
23973.27893,60577.05665,0
19492.16388,52608.73238,1
20077.4661,51541.48408,1
20133.66401,53263.386060000004,1
24187.23545,64208.819079999994,0
19646.7368,51908.169389999995,1
23417.25259,61879.241389999996,0
24758.57858,64131.4661,0
19768.354069999998,53500.08687,1
19960.12084,49828.16502,1
23925.99942,63618.13521,0
20178.64485,52700.001580000004,1
24046.41336,61340.08064,0
24076.29443,60706.453839999995,0
20403.05386,50561.59045,1
19632.81255,50373.25606,1
23242.61478,65946.84377,0
23285.409669999997,62857.68947999999,0
24099.21057,62762.44695,0
20212.800909999998,53258.98128,1
23252.3931,62759.05512999999,0
23698.46498,61905.774970000006,0
19748.18722,52461.41331,1
23524.94842,62035.5118,0
23785.887280000003,65711.54911,0
20108.42027,49964.03132,1
20232.02258,53252.49937,1
23545.50707,60216.54896,0
23848.578869999998,62518.62925,0
24974.98716,62496.238520000006,0
24258.864830000002,62154.248960000004,0
20806.53282,53721.93143,1
19930.76732,53719.652760000004,1
23495.83824,64591.0538,0
19679.4556,50367.02114,1
23938.53804,61774.1356,0
23959.39447,61499.521329999996,0
20222.730630000002,52800.141019999995,1
23981.10249,62332.95351,0
19469.38021,51001.88292,1
23591.38304,62070.26779,0
19812.24878,51699.753560000005,1
24228.03331,63214.032210000005,0
19213.30131,52189.29799,1
24181.114980000002,61641.50976,0
19654.74712,51829.62282,1
19818.25126,50712.59432,1
23839.82746,63303.81226,0
23841.47576,62333.9811,0
20113.43853,50796.33128,1
24182.44802,64196.80156,0
20572.19846,50962.23343,1
24314.078559999998,62296.91269,0
24236.62547,63755.99974,0
24469.99955,61497.98319,0
23783.60721,62471.255829999995,0
19788.041,52369.09452,1
20221.62263,52428.88067,1
19547.14733,50635.69845,1
19793.83153,53287.1355,1
23928.00871,61850.62454,0
20158.98537,52307.92001,1
20553.5208,50534.89589,1
20452.93268,53122.78318,1
19885.15738,51814.23365,1
20361.39571,51649.880339999996,1
20248.60871,52628.28294,1
23704.924219999997,63661.48732000001,0
23753.40786,61884.242170000005,0
24229.45192,61685.77055,0
20291.43395,51908.73602,1
19973.938680000003,51126.14213,1
24126.206009999998,63033.94421,0
20277.52455,53360.451960000006,1
20344.15348,51736.70678,1
19565.87397,53060.75557,1
20194.70442,53613.20822,1
23698.05831,62381.27347000001,0
24141.43254,59197.15667999999,0
24529.00228,62736.060229999995,0
24061.28469,61460.23341,0
23663.25971,64441.311879999994,0
20532.09811,52008.549060000005,1
19858.072809999998,50853.65728,1
20171.92414,51993.69265,1
20117.09291,53167.00734,1
23766.5744,62627.522789999995,0
20454.00028,53311.62985,1
20268.73784,53441.62475,1
23602.470409999998,63078.23722,0
24457.58742,64680.92537999999,0
19104.34198,50419.961760000006,1
24043.81756,61356.37647999999,0
24243.284219999998,61406.845579999994,0
24375.80836,64580.870720000006,0
23454.98471,61460.23536,0
19950.167859999998,52014.12186,1
20319.81846,51097.45625,1
20896.448819999998,52401.746119999996,1
20215.4262,51192.66925,1
19864.43331,52742.6917,1
23846.31917,60044.76657000001,0
23864.34971,61702.9888,0
20369.70016,52231.17858,1
24758.81735,59132.96857999999,0
19565.89807,52485.98113,1
23522.774859999998,64129.303210000005,0
23720.317069999997,61638.38819,0
23751.658580000003,62657.48071,0
20661.62915,51226.022639999996,1
23950.3778,61730.31255,0
24158.94084,63242.7538,0
23554.52029,63854.6609,0
24373.6992,61791.177260000004,0
24049.599140000002,62258.47192,0
20331.532430000003,53837.529760000005,1
20132.09344,53188.7951,1
20291.93736,49897.66126,1
19940.362719999997,49663.220160000004,1
24036.70314,63360.9278,0
19573.78951,52172.551060000005,1
23283.50955,61706.2009,0
19027.66921,50801.89212,1
20298.04622,52650.099839999995,1
23888.4374,61321.77985,0
24206.79669,61371.09722,0
20315.44656,52080.24988,1
24492.8844,63241.10435,0
19936.607340000002,53957.304070000006,1
24064.77659,63031.54297,0
23609.1686,62667.40437999999,0
20607.63252,53352.840430000004,1
24211.01894,63006.20903,0
19875.60828,52155.785189999995,1
20294.857659999998,51807.485660000006,1
19604.853369999997,50845.7716,1
23857.41131,60821.32981,0
20172.80477,52377.93275,1
20659.630869999997,50481.84663,1
19618.396269999997,51906.89309,1
24178.50875,62329.463079999994,0
20197.76957,53068.66795,1
20000.23351,49616.18948,1
23749.163959999998,62156.05352,0
20048.37739,50648.77313,1
23837.55156,63154.42072,0
19732.75908,51883.30177,1
20346.989530000003,54066.405960000004,1
20550.33278,51318.34877,1
23919.07989,60871.05155,0
23395.9807,60645.506870000005,0
24274.444180000002,60858.649410000005,0
19475.654609999998,51283.53127,1
20958.34715,50550.90362,1
20306.91385,53319.42031,1
19953.85999,51495.21355,1
20186.22434,52045.37254,1
19931.403309999998,53295.89387,1
23482.31373,61449.38914,0
20114.3848,49766.6357,1
20522.7727,52061.68856,1
24140.990380000003,62200.847270000006,0
24031.2599,62329.67405,0
20233.98722,51279.73893,1
20192.91265,52699.14455,1
24313.15512,63080.36934,0
24158.49743,62426.27334,0
19637.693209999998,50140.056189999996,1
24157.233119999997,60748.07833,0
23738.237419999998,63966.54952000001,0
24211.222380000003,63191.21282000001,0
20057.58857,51541.54455,1
19814.58011,49075.98261,1
24548.082140000002,61255.776939999996,0
20228.7011,53520.876189999995,1
20064.0954,50801.794069999996,1
20060.95229,51928.72396,1
24190.25925,60048.5345,0
23950.79697,62058.099839999995,0
24360.008990000002,63281.600320000005,0
20190.85774,52561.76975,1
24187.96163,60844.87356,0
20254.18021,51648.849180000005,1
19769.519930000002,52337.08277,1
24650.63265,62823.016489999995,0
20388.674369999997,51169.625960000005,1
20176.29259,49484.003,1
23853.44125,62178.02156,0
24394.61152,62446.577189999996,0
24768.209130000003,60885.41767,0
19891.43452,52581.70928,1
19507.88645,50436.88788,1
23662.4952,60960.77519,0
23899.91694,63194.723139999995,0
24019.1078,62328.49566,0
23827.39515,61232.01786,0
20254.39096,51267.90228,1
20081.77344,51535.69874,1
24341.797609999998,61064.970310000004,0
19988.63648,53867.0036,1
19821.06602,52089.63351,1
20197.627969999998,51754.35748,1
24155.92598,61980.30624,0
23459.78858,60457.52985,0
19823.944340000002,51635.36731,1
19967.358,52694.84237,1
19960.274419999998,52141.676589999995,1
24131.70735,62144.78921,0
20240.901130000002,51428.9934,1
20388.36937,53080.65167,1
23890.23189,61474.96461,0
19216.66562,52116.36998,1
20253.996909999998,52739.185730000005,1
23742.51427,62717.78099,0
23258.195659999998,62672.135310000005,0
24141.189440000002,63452.339510000005,0
19659.978030000002,52297.96438,1
24601.73206,62040.10661,0
20218.950230000002,52243.16628,1
23833.16703,59865.20043,0
20372.94315,51832.07459,1
20497.01281,52812.73845,1
24166.79148,59818.307010000004,0
24793.17345,63702.62568,0
19620.954530000003,52593.32645,1
24150.44086,60165.00223,0
20242.2722,52163.7855,1
24579.53253,64266.19009,0
19242.09482,53280.35115,1
19920.15661,51646.87384,1
23417.57559,60902.16691,0
19690.33739,50011.094580000004,1
24633.137919999997,64007.28385,0
23617.33765,61305.07396,0
19766.59789,52291.55268,1
24114.91876,59680.32441,0
23752.54814,62622.23905,0
19523.483630000002,50355.11791,1
24145.83682,63167.78942000001,0
20252.21139,51093.275689999995,1
24409.5041,61126.98806,0
24442.806080000002,63498.44546,0
20348.32955,52706.76489,1
20783.18588,50100.61538,1
20185.46865,51603.316380000004,1
24638.936990000002,62541.41031,0
23765.13951,62091.4029,0
24142.95454,62509.300370000004,0
24189.405069999997,62224.16119,0
20611.343119999998,54189.6379,1
24369.50407,62073.80172,0
23823.439319999998,62477.60231,0
20069.74335,52892.340130000004,1
19545.54067,51834.453219999996,1
24529.039,62471.6741,0
24038.497209999998,62510.1286,0
20038.13275,54334.49249,1
19498.82849,53095.448110000005,1
19743.94641,50083.65941,1
19659.71065,51647.33167,1
24134.17775,59391.89012999999,0
24028.532330000002,63241.55704,0
23952.6584,63461.223379999996,0
24000.53027,62518.6645,0
24176.105040000002,63295.7598,0
19737.69385,51473.86328,1
23982.8322,60922.224070000004,0
19990.97948,51008.17838,1
23907.95918,63305.60879,0
19691.86677,53168.197439999996,1
23813.03674,62548.05552,0
21021.23791,52641.79549,1
20512.56772,51654.83629,1
19304.463659999998,49108.756539999995,1
19853.65434,50938.98098,1
23763.32828,62148.649639999996,0
23838.05061,62086.376039999996,0
24643.01133,61654.90445,0
24567.560690000002,63153.9467,0
20475.13014,50172.86925,1
19107.4054,50849.59504,1
20791.22955,52835.257000000005,1
23867.19918,62557.36875,0
23612.611119999998,62696.88496,0
23591.671019999998,61723.20714,0
24075.51052,62435.097270000006,0
20078.7509,52690.58427,1
20020.267069999998,51844.12056,1
23924.26332,61052.754960000006,0
19829.9782,52800.88182,1
24236.689980000003,62463.716539999994,0
20319.55054,51901.52312,1
24055.283030000002,60696.15984,0
23552.88846,60230.33305,0
19947.88015,52020.32107,1
24263.421169999998,60038.97614,0
19754.656469999998,52241.813519999996,1
19050.16358,51469.152610000005,1
19551.14429,52448.48752,1
23833.92585,63385.832429999995,0
23828.73023,62863.21275,0
20745.17121,51347.47707,1
24155.442069999997,60711.27044,0
24257.98184,60244.52816,0
20049.87565,52247.2711,1
25112.644809999998,61204.703270000005,0
19559.2609,50737.733510000005,1
24544.98426,62061.36742,0
20133.217,50702.98475,1
19581.01194,52133.082460000005,1
23802.52664,62919.297289999995,0
23979.64679,61308.30542999999,0
23432.992140000002,60616.72447000001,0
24006.95346,64330.99778,0
24730.99992,60989.561689999995,0
23795.92279,62557.3434,0
20154.73172,51914.80915,1
20166.43106,49995.89437,1
23610.759280000002,61355.78729,0
23576.17887,63878.82464,0
24425.823809999998,61668.271479999996,0
23737.857369999998,61048.08436,0
19799.08319,52909.74908,1
20215.72305,50357.62635,1
24252.43691,62741.864689999995,0
20316.87109,52166.30659,1
20033.63956,51522.98163,1
24032.33335,63173.6721,0
20238.99858,52692.88484,1
24439.2823,61723.49216,0
24029.708590000002,61861.6302,0
19901.840369999998,51062.82245,1
24281.03144,62120.32214,0
23921.9969,59434.47512999999,0
20374.508469999997,51211.9737,1
20256.69469,51853.42276,1
24232.27269,61869.981660000005,0
19512.241680000003,51832.74377,1
23902.848159999998,61915.777720000006,0
19831.17941,49965.62158,1
20203.17555,52734.9407,1
20387.60323,52393.11795,1
20025.04511,51412.95297,1
24236.100290000002,61123.9923,0
24200.66743,62975.744979999996,0
23999.654280000002,63351.61074,0
20330.22463,53733.10955,1
19874.79866,50462.45069,1
24495.61299,62270.875920000006,0
19972.97263,52553.32486,1
20068.961880000003,51165.11208,1
20276.14625,51853.88066,1
23781.747059999998,61770.05027000001,0
23360.8503,63145.494589999995,0
23406.682259999998,62300.006610000004,0
19434.29055,53103.56313,1
23723.55517,62591.500929999995,0
20133.84105,52107.09586,1
23550.23501,61632.41876,0
23840.08221,63229.66889,0
19417.01843,53775.97581,1
20274.61074,50680.04638,1
19576.11278,52261.17514,1
24431.03006,60933.41995,0
24102.70086,61528.88284,0
20329.94654,53271.53015,1
19387.34496,49333.4389,1
24339.93681,64010.117889999994,0
19896.756569999998,52481.61915,1
19912.65474,49956.4941,1
19269.83517,51492.94371,1
23647.3628,62846.28589,0
23860.83505,60554.19525,0
19894.28148,51820.93788,1
19659.96833,53046.51135,1
20549.27577,51738.499039999995,1
20094.24981,50414.70753,1
20051.41603,52622.62043,1
20600.76221,52085.695869999996,1
24466.33545,62107.02882000001,0
23721.54712,63256.98248,0
20163.26569,51375.73111,1
25292.02184,63480.284139999996,0
23449.322,63248.23977000001,0
20343.14645,53877.81137999999,1
19760.812319999997,50925.02123,1
19719.96193,50882.96405,1
24034.29981,63117.56616,0
24173.20864,62451.775120000006,0
20003.914380000002,54181.71241,1
20345.69954,52010.90081,1
23778.51919,60136.64585,0
20072.05191,52724.30073,1
23885.14316,64647.1104,0
20073.330280000002,52777.575880000004,1
19928.012069999997,53007.63143,1
19864.60591,49766.79824,1
24449.35794,62135.883989999995,0
24125.03734,63099.921370000004,0
20008.12167,50102.06435,1
21359.11183,52070.438369999996,1
23387.86298,62243.377870000004,0
24073.78184,62859.8032,0
20311.01095,55055.310110000006,1
23266.82665,62632.61437999999,0
20050.58757,50235.49955,1
19732.83745,50627.89151,1
24571.17092,62969.02936,0
23786.52925,62080.118239999996,0
24703.894780000002,59084.463229999994,0
19594.09105,51166.48741,1
19519.090959999998,52127.69244,1
24016.09275,63074.49951,0
19773.63982,51486.2924,1
23568.9414,61381.19075,0
23597.404130000003,62731.106179999995,0
19909.2921,52780.56615,1
19806.2385,52145.61202,1
24081.88454,61551.61226,0
23501.60937,63204.45349,0
23430.318919999998,60020.74178,0
24356.48028,64352.87982,0
23678.53545,60165.54131,0
20429.67579,50951.216239999994,1
24399.43256,63307.324929999995,0
24538.106369999998,64245.44452999999,0
19858.11151,52622.06015,1
19825.0162,50213.43233,1
19473.52303,51989.41654,1
23674.383990000002,62346.85897,0
19807.76267,51825.31097,1
24283.25506,60684.49786,0
20375.05816,52033.73583,1
23661.69596,61713.14485,0
20186.80986,51844.57309,1
20055.96359,51164.27,1
23611.50189,62250.30101,0
23583.093240000002,61683.57024,0
23641.81312,63489.24193,0
20223.416390000002,51356.72841,1
20328.803369999998,50969.38267,1
23802.08593,61902.62364,0
20765.94137,53118.22021,1
20495.21977,51238.21211,1
23754.97333,62615.57492000001,0
19970.718269999998,53395.98882,1
20839.80083,52623.33268,1
19040.477030000002,52816.40432,1
23434.647080000002,63879.12815,0
23726.35254,62903.36784,0
23359.86956,60698.25671,0
20023.920430000002,54435.19561,1
23954.574569999997,61766.82456,0
20132.32675,51484.6871,1
19515.40516,52191.09588,1
23883.7984,61524.27899,0
24118.112230000002,63079.75262000001,0
24256.21595,62789.99987000001,0
19825.64976,50475.500889999996,1
23578.74601,60966.36758,0
19956.98209,52241.00414,1
23175.48255,60518.049979999996,0
20723.44208,51638.14813,1
24544.210069999997,62502.8466,0
19065.61333,52574.53613,1
23255.2406,62884.954439999994,0
20222.23106,51453.58148,1
23718.17136,61334.62874,0
23776.57357,59891.23661,0
19996.813430000002,50145.95427,1
20093.14129,49449.24464,1
24354.441000000003,61673.63645,0
20756.83386,52560.61627,1
24027.08058,63871.9501,0
19259.10795,50824.74693,1
19621.54408,53019.00849,1
19624.162969999998,53113.49975,1
19587.27002,51329.34575,1
23467.48288,63368.631779999996,0
23864.478769999998,60980.612570000005,0
19224.098280000002,49386.91137,1
19855.1895,52149.08985,1
19641.018630000002,51005.65613,1
23345.34461,61566.46127000001,0
24237.73884,63419.6959,0
19421.04034,52329.425989999996,1
19554.65646,52448.98824,1
23207.90372,62188.03785,0
19842.03515,53225.94614,1
19866.08349,49670.045939999996,1
20098.503259999998,53407.165610000004,1
19180.24118,51768.19369,1
19952.03483,50130.94725,1
23619.86718,61602.731929999994,0
24237.39639,60090.41635,0
24828.606180000002,61438.278379999996,0
23777.61769,61317.42838,0
23952.41361,62325.53012999999,0
20126.848990000002,52978.1957,1
23541.05362,63399.77495,0
23434.161369999998,61829.37089,0
23990.68018,61124.76312999999,0
24435.53889,61684.97266,0
19358.0242,51469.0712,1
23416.55917,65777.70764,0
24323.01965,62435.197660000005,0
20091.4032,51124.192039999994,1
23548.511580000002,62091.615260000006,0
