,Price,Weight,Type
575,24094.0972,59648.83194,0
1155,24785.84376,61270.19235,0
1431,25335.30142,60201.294120000006,0
3973,22110.98728,61250.98301,1
2926,22807.10969,61096.88637000001,1
595,23529.17315,59907.55965,0
2124,23571.745919999998,61252.33599,1
3626,24242.45489,57982.47493,1
1367,24298.44543,59014.129479999996,0
1842,24537.34936,58482.61852,0
1738,24102.75335,57348.32324,0
71,24237.18822,60940.6619,0
705,23139.18726,59548.170360000004,0
3514,23814.88137,58495.026260000006,1
3214,24561.8732,58132.11958,1
1073,24028.91565,58382.92426,0
2293,23215.98785,57403.49249,1
2701,22558.60294,61571.10269,1
1388,23784.49179,58390.506120000005,0
3113,23530.82589,62140.51085,1
684,23605.14807,59860.13237000001,0
3990,23208.25585,57359.31707999999,1
1619,25915.986930000003,59159.411479999995,0
969,25464.06854,58852.88582,0
2468,24409.3154,59205.67166,1
2549,23811.24165,60342.54285,1
85,25347.46644,59962.24642,0
3079,22684.12673,57053.1594,1
2306,22152.345240000002,59393.96791,1
461,24635.84143,58652.179820000005,0
3239,22663.92414,57554.658789999994,1
3406,23185.22616,59805.918820000006,1
1654,25636.73179,59509.24058,0
2574,22134.73763,58939.69742999999,1
547,23264.486090000002,57546.94702000001,0
1932,25912.5537,59049.418439999994,0
1083,24067.50138,59045.33334,0
1106,23708.89184,60893.32042999999,0
1136,23612.37589,60340.16925,0
2764,22467.451119999998,58813.550279999996,1
3476,23991.941130000003,58830.12977000001,1
3402,23541.305809999998,59724.720570000005,1
3722,23072.98591,60691.43629,1
2689,22849.94302,60214.583210000004,1
116,23999.61694,62251.83032000001,0
3976,23095.115009999998,57586.32795,1
2445,21738.46085,59288.31857,1
3477,23114.865,59329.3872,1
2212,23200.54745,58860.49646,1
1190,22961.24163,58136.290720000005,0
16,23424.73324,61358.625360000005,0
1193,23840.90832,60118.438760000005,0
1950,23916.28683,58824.38582999999,0
111,23755.79185,60413.142029999995,0
3651,22881.76189,59673.342260000005,1
3537,22734.58709,60070.04644,1
333,23166.44221,61800.1215,0
3657,23159.190740000002,59819.8975,1
183,24949.14472,59504.42837,0
795,24472.303780000002,60066.863620000004,0
921,24396.37557,60773.44265,0
1501,24479.64895,59349.96871,0
96,22998.1528,58407.73564,0
2643,23486.695509999998,58414.87022999999,1
3611,23337.20114,60164.77994,1
1133,23027.38441,60241.79444,0
2571,24229.66242,58340.218629999996,1
3560,23972.787999999997,59307.040129999994,1
231,25241.979730000003,59347.21494,0
3578,23244.09591,56015.85845,1
769,25995.24119,58553.02526,0
3062,22904.02136,59315.531989999996,1
1274,25042.512069999997,60079.520489999995,0
3394,22620.22404,60357.547360000004,1
477,25337.463630000002,59053.06966,0
2168,22745.77045,59128.4837,1
1508,23732.89369,60600.32881,0
1961,23600.67887,59098.36666,0
2173,23091.08464,58773.65787,1
1292,24695.1616,58624.84304,0
2005,23827.49076,59199.21566,1
1608,24661.01172,60086.72159,0
357,22589.30685,59279.35972000001,0
1319,24036.13471,59523.71746,0
827,23591.819330000002,60382.801510000005,0
3530,23404.913630000003,60984.248960000004,1
488,24243.19429,60088.95205,0
58,24149.16445,59938.54417000001,0
856,22465.93578,60185.546989999995,0
1384,24509.7294,60062.62155,0
1187,23122.15046,58990.095910000004,0
447,22288.03928,58377.18241,0
1318,24269.29396,58003.74972000001,0
2658,24248.878230000002,56611.08433,1
2429,23928.35151,57914.426739999995,1
3184,23529.93252,56916.80205,1
3438,22131.0275,59545.217189999996,1
1098,23330.63092,59865.60366,0
3482,23669.22871,58816.220989999994,1
1150,23778.84121,60248.420210000004,0
2451,23386.29305,56105.25781,1
1312,24374.79119,59878.83984,0
2198,22703.61889,60888.916820000006,1
2740,23771.77336,59181.03005,1
2047,24276.75106,59671.92255,1
1034,24729.61585,62137.22003,0
3967,25056.22412,60589.12741,1
1234,23399.10811,59071.285529999994,0
2969,23809.61059,61289.85665,1
315,23808.325569999997,59439.57187000001,0
327,25235.997040000002,60987.91887,0
3450,23759.812019999998,59489.71484,1
1355,22751.82322,58967.35194,0
2688,22763.0668,59994.05839,1
1320,24192.61299,61889.45673,0
42,24793.69676,60347.03758,0
3498,23936.319,58121.576960000006,1
91,25371.6317,58343.31582,0
3336,21132.7745,59928.58478,1
268,24284.4542,61795.59673,0
2366,22740.50995,58640.0101,1
3640,22786.75521,58754.53838,1
3922,23070.46628,59449.07587000001,1
276,23365.73811,63065.60216,0
2436,22640.22863,59159.10271,1
3171,24570.8533,58694.13514,1
812,24369.48955,61099.499520000005,0
944,23542.87881,62397.052279999996,0
3235,22667.07895,57800.00755,1
680,24073.27804,59349.945060000005,0
1597,24668.78308,60483.29402,0
2836,23803.817219999997,59461.725860000006,1
3489,23004.19246,58202.42931,1
1192,23845.0384,59053.05756,0
3404,24702.74073,60238.41021,1
92,23983.949,58646.89302,0
2391,22375.418859999998,58624.324089999995,1
2150,22634.167690000002,59038.33742999999,1
34,23408.0571,59290.76828,0
1888,22588.1297,60768.8296,0
2158,22718.02129,58422.54114,1
1247,23499.114859999998,58427.918020000005,0
3705,23295.89375,59478.32378,1
377,23528.29311,58504.55767,0
3043,23995.59792,61254.942520000004,1
3224,23355.41693,58717.52577000001,1
55,24319.80291,59725.969189999996,0
2090,22895.91069,59348.4309,1
480,25645.77174,59263.73135,0
1585,25525.39917,59769.68707000001,0
3183,24453.997040000002,58819.100060000004,1
2149,20943.733490000002,59256.39913,1
3192,23573.21504,57784.69387999999,1
1293,23131.21507,60815.80934,0
1972,24455.397559999998,60300.939179999994,0
1132,24780.703380000003,58592.39461,0
3958,23307.46611,59871.25102,1
1772,23145.50743,58741.31712000001,0
1541,23077.80446,58921.077229999995,0
1255,24312.0981,58758.44225,0
1983,24333.015,60100.217370000006,0
3864,22778.50391,61700.681529999994,1
1468,22932.935569999998,62759.99103,0
2721,23346.64445,60501.853839999996,1
1855,23548.43119,60044.89227999999,0
1066,24525.20296,60544.724239999996,0
1210,25544.85341,57773.006570000005,0
1768,24235.390369999997,60315.62227000001,0
178,23469.34734,59554.64139,0
2138,22936.14834,61978.266489999995,1
3223,23367.56406,59537.93375,1
2070,22552.5391,59265.122729999995,1
3028,23544.70644,57923.491129999995,1
2767,23189.11886,58055.11539,1
1847,24908.26446,61231.972310000005,0
637,26057.42581,59832.97328,0
1270,22711.083759999998,60060.4608,0
2820,22681.03711,60260.22923,1
2763,22728.265359999998,59177.6885,1
1040,23524.235780000003,58532.083470000005,0
2413,23278.22576,58762.80387999999,1
3916,23155.941740000002,59655.345870000005,1
1991,24169.17208,59171.48601,0
3207,22920.546609999998,59924.374729999996,1
2626,23207.680630000003,59838.94383,1
3876,22602.20171,57535.460810000004,1
828,24319.16548,60274.796429999995,0
1558,24268.92627,58743.67975,0
2200,23778.75615,58547.188120000006,1
2446,23073.91891,58842.48952,1
2618,22948.72666,59659.5207,1
2509,23397.52026,58395.35151,1
2251,22096.93565,61525.27707999999,1
1305,24453.67541,60184.08848,0
2213,23701.70201,57499.37357,1
3431,22862.945880000003,59006.0153,1
510,25404.4508,60195.68441,0
2762,24746.28377,57575.14881,1
1467,25772.57202,63497.308410000005,0
3774,23317.49337,58477.94399,1
2587,22934.93999,60912.07482,1
2572,22773.57711,58651.70748,1
976,23828.816919999997,58336.418020000005,0
3850,23728.76885,61611.03276,1
2288,23017.302509999998,60750.22264,1
1544,24186.01709,58434.97752000001,0
1260,25066.199930000002,58640.006610000004,0
3130,22685.673440000002,58765.6685,1
2523,24317.451540000002,59518.41801,1
1734,24687.397680000002,60121.7455,0
3358,23741.69014,57445.523629999996,1
3974,22844.133009999998,56440.591720000004,1
950,24513.26065,59483.93941,0
440,24896.70618,61541.50283,0
3799,23565.111080000002,62535.67691,1
2759,23808.350919999997,59572.67177000001,1
308,24854.89181,60769.30469,0
1769,23496.461519999997,62941.166410000005,0
1621,25307.68835,60259.115920000004,0
3447,23784.85846,57723.932510000006,1
1230,24444.57023,60039.78025,0
2560,23959.81975,59864.51986,1
3449,23681.62557,58728.6606,1
1623,23921.05984,60299.01326,0
2794,22495.372219999997,58535.56917,1
2186,22867.30704,59436.99876,1
340,24331.92406,60298.37572999999,0
2423,23239.9365,60048.3557,1
1147,22767.700090000002,59849.94105,0
955,23042.26732,63074.91005,0
3593,22314.24898,59330.79158,1
1281,24036.49839,59319.54034,0
3128,24250.74514,58962.41075,1
2463,22757.082430000002,58626.24461,1
3424,23452.0071,59762.32315,1
852,23241.18727,59211.49175,0
2430,22068.19975,58106.468629999996,1
2441,23598.77294,59264.47486,1
3041,22100.08169,60156.4657,1
2272,24607.47258,59505.0395,1
2448,23303.44995,58197.53227,1
1389,24363.33919,61112.98766,0
3902,21340.15315,58039.696789999995,1
699,23590.087059999998,59379.251679999994,0
3643,23499.50912,60521.23537,1
1829,24489.12414,60795.38759,0
79,24187.53272,58185.15855,0
2253,22728.68559,58224.374260000004,1
3882,23221.71381,57643.3043,1
2496,24318.43893,58980.20965,1
1455,25025.86412,60428.39937000001,0
585,23410.12625,59026.54796,0
3897,24051.49425,58316.38884,1
2955,23219.82985,60115.36685,1
1552,25339.65276,58830.99652000001,0
354,23259.16767,60378.80142999999,0
2074,23151.24312,59952.178479999995,1
3117,23230.086769999998,59840.662110000005,1
1596,24785.8736,59141.638360000004,0
3844,23653.001669999998,60367.4947,1
3540,23441.05361,58909.100479999994,1
2189,21503.72581,58076.23574,1
2710,22574.14735,58068.342229999995,1
1624,23980.6651,57995.4967,0
1472,23996.75595,57813.4949,0
1489,24588.34646,59122.002,0
2880,23427.79805,59624.93617000001,1
775,22234.7908,58725.44712999999,0
897,24456.41688,61166.83956,0
545,23463.77751,60382.07804,0
1251,23567.6699,59304.002920000006,0
2976,24119.76535,59360.4904,1
3465,24205.41054,59229.64425,1
2609,23594.32646,59005.71375,1
1704,24553.153319999998,59250.53186,0
1816,25486.73091,62258.31987000001,0
808,23573.96075,61311.13492999999,0
1394,23175.122669999997,60839.33572999999,0
2871,22834.25618,60561.72204,1
937,24685.82086,62001.65557,0
3757,24651.1972,58784.97659,1
2491,21929.73343,58110.03732,1
3221,23327.91362,59401.58247,1
3144,24463.415930000003,63139.28257999999,1
1803,23609.24139,58652.56766,0
2020,21034.96813,59299.06854,1
2214,23762.66056,60433.01256,1
3427,23203.45032,58165.298189999994,1
263,24263.5222,57425.29567000001,0
1614,23943.308530000002,59373.748929999994,0
2894,23185.7353,58809.614989999995,1
2338,24316.974459999998,59447.29014,1
3852,23462.0834,58251.88464,1
1365,24203.74353,58029.00916,0
2760,24543.49186,59105.14312000001,1
2734,23861.22964,57690.46735,1
1607,25654.95228,58587.732110000004,0
451,23428.039240000002,61539.87601,0
1906,24802.28445,59541.560529999995,0
2983,23436.716669999998,57997.51809,1
3418,23847.98909,58875.11644,1
2848,22725.664419999997,59431.318589999995,1
2227,22272.11627,60507.2727,1
1954,22695.55484,59616.81141,0
2951,23382.281280000003,60586.83555,1
2840,22631.499340000002,59278.91272000001,1
237,23997.55076,62928.3047,0
2343,24097.4204,57800.08639,1
2795,23115.94153,59627.677639999994,1
966,24075.62326,59139.6009,0
674,23648.58416,62875.421370000004,0
3230,22529.676480000002,58498.952970000006,1
1188,23395.99784,59783.21316,0
2221,21694.94314,59151.530289999995,1
115,22825.5384,60434.95487,0
2967,22760.63079,60159.98338,1
2807,23822.7316,58099.728610000006,1
3165,21746.42657,61436.14449,1
770,25296.058569999997,60122.93035,0
1531,24643.87381,59225.4729,0
1116,22568.11156,60343.22295,0
3313,24658.87536,61142.91362000001,1
3388,23415.31693,57180.13307999999,1
3392,21955.73299,59261.80824,1
337,22774.73861,60552.12784,0
640,22434.19296,59009.27843,0
675,23308.44783,60667.610329999996,0
3351,22544.93087,62006.70147000001,1
3174,23795.42675,59773.300220000005,1
893,23901.73291,59371.4091,0
3090,24312.87071,57751.56857,1
3121,21657.42354,58277.47666,1
1565,24141.889069999997,59510.359220000006,0
1939,24407.757980000002,59210.938239999996,0
1793,23691.3701,60563.16842,0
514,23804.12329,60389.79057999999,0
3899,23049.67224,56856.572329999995,1
1609,23464.10823,61471.43155,0
881,23913.13511,60812.92079,0
2395,24256.66889,59979.91985,1
474,24215.66206,59937.39195,0
2604,24017.885430000002,58741.047529999996,1
462,23894.89679,58345.0685,0
54,23278.45506,60496.00822,0
3697,23193.21263,61818.37905,1
3570,23175.06864,56983.43456,1
1183,23739.79224,61598.552220000005,0
1215,24103.79403,59302.4469,0
634,23368.64292,60098.24126,0
3765,22556.775840000002,59175.29357,1
2567,23826.63155,58658.418770000004,1
513,24993.08712,61251.69627000001,0
3915,23945.4201,60660.22188,1
850,23774.998919999998,57739.49687,0
2520,22875.885019999998,56253.835320000006,1
2784,23577.69444,61097.04302999999,1
3435,23719.40176,59459.72682999999,1
3528,23008.546469999997,58322.83806,1
2919,23912.28575,60615.621920000005,1
3481,22775.67165,60052.27846,1
1920,23971.309230000003,60561.43915,0
398,23849.25384,60322.89042,0
1540,22408.38649,60491.149620000004,0
3602,23206.22397,57871.467339999996,1
2486,22040.14296,59228.53216,1
3186,22601.63923,60826.43113,1
430,23349.166530000002,59317.2056,0
1568,24471.60744,58825.66673,0
752,24064.08386,61506.88811,0
2382,22554.108819999998,57134.4752,1
2805,23285.16113,59146.053210000005,1
1014,24169.66596,61077.366689999995,0
353,24423.18834,61106.583979999996,0
3871,22125.983819999998,59067.80571,1
305,25034.975,60017.560229999995,0
3728,22815.08551,59431.60995,1
687,24609.54125,60969.85246,0
1901,22686.48491,60162.25408,0
1837,24261.06452,62315.08957999999,0
2103,22917.63474,59494.79162999999,1
1271,23373.61279,61616.0956,0
1449,23918.4137,60856.081029999994,0
3563,23747.95064,62220.6002,1
2256,23588.60761,60024.26869,1
2432,22405.276,57484.4461,1
2101,22372.886309999998,61014.04784,1
2239,23684.78876,61161.55339,1
2278,21972.92628,61145.5842,1
2305,21160.1385,57790.2876,1
3150,23245.219390000002,58216.0612,1
378,22608.57453,59648.640179999995,0
2398,24179.48374,61316.95202999999,1
1162,24157.59529,58599.37538,0
725,24100.747880000003,59670.156310000006,0
2780,23323.745319999998,60465.55167000001,1
2203,23892.666709999998,58650.21302,1
225,24521.00102,57845.895070000006,0
1858,24754.917269999998,59783.00504,0
140,24078.70796,59884.44866,0
2786,22737.717109999998,59385.09326,1
2006,21968.687990000002,60298.454170000005,1
325,23363.162999999997,60011.294460000005,0
529,23638.7899,61148.177879999996,0
1009,24209.2747,60464.04964,0
3191,23455.19308,59663.57622,1
132,24360.09879,60558.04076,0
2319,23885.645419999997,59028.266729999996,1
2081,22517.72616,59725.03216,1
516,23616.30999,58936.32313,0
3228,23265.97061,60129.901020000005,1
659,23387.643669999998,61796.00664,0
436,24110.12229,62443.01991,0
3273,23003.42282,59367.69089,1
1097,23612.01664,59750.078160000005,0
170,23291.155280000003,58296.6209,0
291,23554.994280000003,60106.778920000004,0
2308,22196.238080000003,57883.06816,1
2298,23051.62686,58526.278620000005,1
1277,23110.29275,61538.603339999994,0
1502,24823.667,59989.21085,0
1925,24582.267780000002,59647.183710000005,0
2073,22011.1784,59775.12968,1
1497,23884.65863,58276.60977,0
1441,23970.667859999998,61976.00958,0
3949,24227.650690000002,57951.14177,1
3819,23352.225280000002,58384.92991,1
424,24614.57939,59774.048570000006,0
2817,22695.49868,59877.33601,1
1637,24355.71946,60116.594789999996,0
534,23966.38408,59454.29277000001,0
2404,22469.947369999998,59408.737270000005,1
1899,23780.76149,61348.7872,0
2333,24180.19339,61253.233179999996,1
2307,23115.18897,58138.85056,1
2055,23960.53509,59202.784810000005,1
1060,23609.971840000002,57185.880320000004,0
3205,23018.587919999998,60333.057779999996,1
9,23679.9021,60208.98677999999,0
1995,24677.15171,59802.14758,0
3009,22831.39819,60831.761479999994,1
1440,24631.37179,59692.59285,0
3104,22997.128259999998,59013.43146,1
3826,23032.10481,59984.748029999995,1
3584,24163.213880000003,59290.68618,1
3298,22204.47635,60068.624339999995,1
2373,23128.14404,60390.572479999995,1
2530,21593.44181,59822.33113,1
511,24139.96314,60344.42654,0
2990,22663.79872,58352.08465,1
3234,23200.08861,57458.01639,1
2098,23464.72993,58842.635760000005,1
3194,22851.80674,59260.55271,1
2191,23758.51436,62191.013139999995,1
165,24355.64831,60918.88551,0
2206,23106.08912,58021.21912,1
1986,22673.61565,61442.57124,0
681,24254.85423,59960.29847,0
736,24602.952240000002,58962.34897000001,0
77,23671.88697,59471.02719,0
1554,23141.862569999998,60886.714739999996,0
2477,23694.34129,59589.216629999995,1
3206,23008.19727,59066.8795,1
3437,22730.215659999998,58733.509739999994,1
2893,22786.52412,60306.980229999994,1
1507,24684.553030000003,63525.7212,0
173,24964.36796,59882.49684,0
720,25346.910219999998,59712.10608,0
3845,24519.82416,59143.394889999996,1
1977,25303.66992,60789.32984,0
1041,25106.64208,59806.61674,0
2541,24021.57076,58754.12071,1
2535,24172.94692,60271.88846,1
1985,23913.2065,60443.47248,0
3683,23263.76433,59548.35746,1
435,25637.55622,57519.32957,0
929,23418.54492,58877.44665,0
1964,24340.762769999998,60553.40772,0
2842,23022.72495,61591.54085,1
260,23323.05577,63674.99671,0
3787,22722.88512,57395.1015,1
2897,23231.41108,59890.91602999999,1
1457,22270.56648,59484.66412,0
102,23235.45883,60410.634139999995,0
2581,24537.90989,59237.76235,1
2970,23872.472130000002,58424.451279999994,1
3295,21315.57704,62314.06456,1
179,24086.36351,58244.83285,0
444,23078.440459999998,58928.16117000001,0
3415,23869.99234,57646.878529999994,1
3380,23642.44326,57864.49909,1
2595,21978.49593,59065.50707000001,1
1204,23712.06501,57704.880999999994,0
3318,23623.19327,58891.39606,1
685,22032.1509,61627.50125,0
3324,23819.90567,57654.70105,1
3804,23468.26097,60620.78951,1
1453,23815.73458,59378.14295,0
792,23843.7706,60369.4045,0
3389,23504.05848,59979.058370000006,1
538,22815.590180000003,63671.46713,0
3727,23064.52431,59137.31385,1
1075,24819.48716,59952.18392,0
3284,23456.248919999998,58579.76881,1
3858,22799.63376,57748.45895,1
975,24519.43573,61073.84299,0
3736,21708.811680000003,59165.82574,1
3571,23125.841,59668.507979999995,1
247,22674.687009999998,59834.306979999994,0
2465,23659.27103,57906.559310000004,1
11,23505.64274,60745.30674,0
3605,22137.12805,60641.64691,1
2378,23121.87485,59812.78951,1
3855,22467.18174,59206.033760000006,1
3754,23238.160819999997,61412.20306,1
2019,23028.7287,60061.80711,1
1715,24552.57435,60684.31266,0
1718,24093.78734,60752.328460000004,0
3077,23178.434240000002,60226.529870000006,1
1971,24464.66216,60220.11667999999,0
2877,22469.92817,60208.89249,1
2487,22750.763919999998,59780.27372999999,1
3806,22476.31899,58510.64362,1
1220,24177.56345,58988.98825,0
836,23138.85351,61319.87126,0
2648,22648.274980000002,58651.685470000004,1
1360,23272.72968,61308.15971,0
779,25958.868019999998,60982.34341,0
1774,23521.566130000003,60673.5251,0
688,24278.425330000002,57866.08515,0
2619,21655.88523,58852.636289999995,1
1924,25473.229330000002,59759.26627000001,0
2064,23051.61162,59227.222460000005,1
837,23077.364540000002,58838.50191,0
2670,23901.95014,60005.969789999996,1
3036,22786.97185,60407.26388,1
1195,23956.00389,60637.38785,0
1412,23968.03475,59274.18696,0
21,24183.60189,59471.59977000001,0
2340,23540.38113,59750.92664,1
3707,23125.96508,59415.312210000004,1
2449,24068.47166,58564.904879999995,1
1229,24428.42539,58453.2262,0
989,23561.28805,58371.082460000005,0
1688,22011.201240000002,58843.22215,0
2187,23026.80991,58243.024379999995,1
815,23256.082290000002,60248.360179999996,0
3582,22714.6215,60758.969220000006,1
486,23578.6271,60317.4403,0
3181,22364.29915,60812.11867999999,1
2257,21891.1477,58752.43276,1
3092,23760.72248,60761.23966,1
1822,23258.67795,60378.94033,0
2522,24153.56623,59992.46759,1
776,23530.84062,60486.73647999999,0
3756,22919.46704,58264.242979999995,1
1830,23976.72934,59856.87281,0
1810,23665.695359999998,60379.68287999999,0
2062,21233.50507,58512.84551,1
844,24478.0141,60112.58308,0
2685,23837.7654,59953.10435,1
925,24780.33877,59610.706710000006,0
1788,22753.48285,62149.4323,0
1953,23277.20769,60392.20962,0
1176,24540.54116,59682.7927,0
2849,23649.284480000002,56160.52811,1
1328,23031.537959999998,59574.511139999995,0
3795,22861.81048,59931.93952000001,1
1505,25134.60357,61039.63446,0
2608,21736.19223,59060.44078,1
1105,24471.65404,57926.33066,0
891,25356.60148,57975.970570000005,0
97,23981.572940000002,59341.24745,0
2093,22809.6545,59570.96687999999,1
3291,23705.882999999998,58773.64836,1
2331,22129.77075,58783.896539999994,1
1165,24729.78577,60405.69364,0
3837,22544.57782,58489.996660000004,1
2825,22375.24682,58003.249670000005,1
3416,22009.66145,61639.84499,1
2525,23425.56678,58121.068029999995,1
517,24057.78164,59847.21981,0
2202,23724.953859999998,60033.69225,1
857,24704.55465,60777.834189999994,0
1459,24790.86514,59338.060999999994,0
2852,22517.060419999998,56967.5629,1
864,24436.1279,61771.04547999999,0
87,24068.06472,58788.21372000001,0
768,25632.075259999998,58902.23922999999,0
3644,23704.30097,58565.19932000001,1
1551,23892.39774,57826.62549,0
251,24213.221869999998,59911.599870000005,0
3430,21968.76616,57874.78207000001,1
2965,24045.8709,58493.50874,1
3397,24821.13615,58346.10297000001,1
1082,24483.8263,60545.6089,0
2464,23659.10509,60800.09567,1
1262,22997.74479,62021.428029999995,0
1216,23958.59386,62231.12642000001,0
886,24267.39641,58194.46314,0
1045,23180.14425,58629.42219,0
2358,21291.40189,58296.87063,1
739,24686.69528,58907.79395,0
3007,22073.83395,59660.591120000005,1
2899,24228.56155,59860.714929999995,1
38,24004.20575,59788.27006,0
3442,22952.62499,59550.04302999999,1
3699,22054.32996,57856.347129999995,1
2263,22930.29158,59103.6983,1
386,24127.890769999998,59803.617620000005,0
593,24931.26947,61662.77945,0
1280,23707.763030000002,60310.269770000006,0
2765,23315.4596,59028.40942,1
1064,24650.61825,62059.09941,0
1145,23011.80294,60103.2403,0
3120,23790.98794,58283.550339999994,1
952,24479.86645,61685.211579999996,0
3704,24188.82027,59439.12719,1
3017,22693.52941,59071.20383,1
3212,23593.37944,59323.15727999999,1
2602,23323.450719999997,59463.475739999994,1
3534,24507.71952,58914.23099,1
2267,22199.93477,59357.851429999995,1
2083,25255.303330000002,60592.66797,1
1466,24631.56175,58749.234679999994,0
1694,23497.30613,61911.24959,0
3792,23289.52765,59089.810110000006,1
3591,24107.67469,59280.7889,1
161,23776.2535,60356.01075,0
2034,22348.7903,58730.436429999994,1
2302,24210.411790000002,57587.604289999996,1
2785,22601.33931,56605.0133,1
2246,24418.6247,59208.884529999996,1
2053,22374.3208,58553.97251,1
1173,24454.04107,58935.69674,0
2089,21239.53788,60488.17337999999,1
2792,23129.32475,58719.50154,1
1887,23896.59095,61080.159960000005,0
184,26737.70464,57790.66941,0
2813,23640.51873,58283.95192000001,1
198,23111.22403,59719.341120000005,0
465,25403.66186,63503.97516,0
2993,23747.23498,59631.05797,1
1088,24142.12521,58922.552560000004,0
1522,24722.11888,58856.049920000005,0
1915,24063.79173,60181.58866,0
1344,23533.48567,59888.87342999999,0
3055,22352.23175,58591.47106,1
584,24964.11576,59304.495220000004,0
1517,22203.00433,58728.64747999999,0
964,23755.27276,61219.71872999999,0
3106,22914.796580000002,60432.009079999996,1
2316,25477.611380000002,59527.50577,1
2232,23453.43445,57068.530510000004,1
2262,22718.89447,57503.08639,1
3717,22847.68886,59411.59526,1
370,22559.87096,58753.39095,0
1397,24072.315609999998,59116.433860000005,0
1490,24323.13831,60561.99255,0
3390,21957.33705,56610.940570000006,1
3516,23708.65679,58925.446670000005,1
176,24510.28255,59407.96065,0
2872,22876.01353,57447.01339,1
1131,24544.38834,58936.656720000006,0
2966,23425.754419999997,59582.86587,1
2401,23593.197940000002,59760.60269,1
2656,23509.01985,60192.71216,1
3719,23728.7338,59017.589779999995,1
2705,22423.12109,57527.94629,1
2351,23888.21445,61759.090260000004,1
963,24316.06721,60542.98122,0
3492,23545.05761,60339.892,1
25,24936.95719,62259.319789999994,0
1335,24083.823519999998,58933.47954,0
539,23604.86156,60805.72432,0
3993,22816.80557,59636.774829999995,1
2665,23656.41499,58521.211579999996,1
2646,23931.37601,59823.43979,1
1048,23271.909369999998,59406.01535,0
762,23577.98455,59660.75602000001,0
2706,22503.64287,60634.20699,1
3894,23339.52002,60244.71004,1
2698,21865.58615,57742.39151,1
3978,23055.21226,59085.926,1
742,24650.61134,60822.81481,0
2129,22348.14072,57340.98499,1
15,23006.19339,59963.353220000005,0
3245,24283.93952,58813.11895,1
2320,24143.931780000003,58616.72036,1
3739,21445.35116,58988.305720000004,1
3666,21958.54712,58687.56351,1
382,22252.38965,58705.13655,0
346,23870.20179,60081.83152000001,0
3684,22917.9321,57761.665870000004,1
3945,22463.35305,57660.01616,1
2881,23043.870030000002,57604.434160000004,1
1805,24964.64159,57958.32558,0
2130,23577.723169999997,58834.06957000001,1
2910,22966.72574,58676.73161,1
32,22333.927069999998,58064.88715,0
662,24184.06212,61228.60947,0
962,25139.6355,57403.066329999994,0
2192,23098.23419,58566.631310000004,1
261,23222.91749,59882.451479999996,0
2637,23122.41038,56850.48812,1
995,23934.920290000002,59563.34783,0
2163,22177.459730000002,59160.752960000005,1
1818,23794.35382,59827.586070000005,0
1025,22671.39947,60916.09635,0
1184,25227.374190000002,58111.70819,0
1562,24378.069730000003,60527.2143,0
3851,24395.44961,58054.06192000001,1
445,25625.85769,60682.66262999999,0
2183,22398.26266,59114.69934,1
196,23067.114980000002,60379.539189999996,0
2812,23908.015069999998,58429.97315,1
129,24340.65119,60261.16213,0
2146,22467.45116,58066.770860000004,1
3219,21987.96264,58317.39776,1
2957,23625.44645,58791.74977,1
2947,22703.24798,56627.64169,1
3350,22470.17974,58938.0345,1
617,24057.56315,59026.42435,0
1244,23717.68155,62534.29984,0
3061,23292.00737,58297.95902,1
2318,23491.86266,61446.21101,1
2628,22457.477730000002,60886.54526,1
2975,23291.61786,59697.48057000001,1
1889,22998.180269999997,58772.44692,0
3769,23407.6827,60163.65555,1
3729,23439.25729,58605.084520000004,1
3229,23145.57199,60663.470120000005,1
244,24801.837919999998,58212.37222999999,0
2725,22777.928340000002,58357.90979,1
3490,22533.44847,61015.63165,1
1279,24406.42119,60356.87932000001,0
3011,22719.7834,60181.62364,1
540,25517.67653,61976.216720000004,0
3773,23264.54419,60989.43728,1
3057,22742.663959999998,59394.879720000004,1
810,23959.79863,59540.99789,0
690,23460.10005,61081.94082999999,0
40,22105.98784,59852.54434,0
470,22955.50829,59425.496020000006,0
3407,21723.33549,58583.314979999996,1
2241,23910.252080000002,57402.93045,1
3209,23213.29244,60624.490379999996,1
163,24909.57958,59615.730429999996,0
1696,23839.9617,58034.54391,0
1221,23788.672169999998,59419.4743,0
1979,22333.431090000002,59905.03581,0
1238,24547.62706,60363.25855,0
1628,22728.997769999998,60778.957,0
1339,24096.90096,61216.28942000001,0
542,23995.05105,60267.072479999995,0
518,25204.52543,59969.57921,0
404,24075.268340000002,58985.563310000005,0
1999,23152.028580000002,60317.52443,0
1338,22579.03577,57315.188089999996,0
485,23787.88339,57523.94101,0
425,23606.90656,60826.83917000001,0
498,22140.35319,61255.719820000006,0
2044,23520.010319999998,59824.9447,1
2122,22715.160659999998,59858.284170000006,1
139,24917.605519999997,60444.935970000006,0
495,23184.50731,60692.35082000001,0
1984,23597.09595,59691.46026,0
758,23973.60331,61670.01154,0
1864,23605.73334,60197.5958,0
1104,23296.39733,61126.2406,0
2193,20915.578830000002,58635.56182,1
1735,24220.83256,60228.08972,0
3072,22401.1713,59781.881389999995,1
3034,23597.0288,58626.40677,1
390,24087.49684,58473.561879999994,0
991,25203.941740000002,61699.356439999996,0
3445,23825.276319999997,59815.90481,1
1370,25180.39556,58579.22591,0
2222,24025.58533,58039.057570000004,1
2384,22277.072999999997,60686.274560000005,1
1021,23679.39032,58822.08094,0
3441,22852.72408,57921.374879999996,1
1776,23722.29133,59954.252010000004,0
2801,23008.96837,58803.92269,1
3883,23257.16711,58235.015329999995,1
2839,24062.35798,59085.46992999999,1
1019,25809.26512,58059.97077000001,0
501,24324.13373,60485.99192000001,0
3422,23159.698669999998,59414.85548,1
3444,22176.18733,59777.40644,1
2751,23307.17453,60720.799810000004,1
1716,23682.03887,61710.74333,0
904,22583.58418,59935.52415,0
2403,22364.28928,59795.078689999995,1
3199,23990.9356,59577.51861,1
906,24126.14291,60258.070360000005,0
493,22383.256390000002,58265.78924,0
2621,25583.00235,58879.406910000005,1
324,24362.01302,59802.99916,0
3396,21768.75731,60679.342820000005,1
1141,25005.002959999998,61116.30372,0
476,24751.87377,58794.6214,0
657,23193.46741,61529.609039999996,0
329,24432.74036,59439.49366,0
72,23888.72705,59514.599270000006,0
2948,24903.34975,61570.235160000004,1
3210,24689.53525,58790.87127,1
2410,22588.63346,59549.943029999995,1
2950,22982.56942,61458.71226,1
983,23105.20436,59507.416860000005,0
607,24760.8897,61166.693029999995,0
2313,22241.18987,59819.59485,1
719,23406.76735,59729.70882000001,0
1072,23591.31,58398.67167,0
1603,23593.35693,57145.55949,0
2737,22887.68449,60461.41982,1
2500,22729.61575,60746.35578,1
3672,22978.78065,59765.49921,1
1841,24200.06886,61198.13091,0
2137,24407.03248,60729.45506,1
1949,22566.6263,59009.961110000004,0
2791,22767.14667,59237.33167000001,1
1592,22998.24566,59027.459039999994,0
3300,23020.96816,59795.5186,1
2824,23253.54518,60459.2496,1
1824,24437.59431,61335.8909,0
671,24553.13635,58488.41072000001,0
3823,24030.56951,59072.055479999995,1
352,25009.87525,60126.423389999996,0
1934,23836.66125,61250.98315,0
2050,23053.20406,58780.04392999999,1
452,24594.42446,60350.67296,0
202,24592.42487,57755.38499,0
896,24633.84166,58770.94776,0
1148,24642.151840000002,63270.39467,0
26,24414.43425,60830.07841,0
1363,24681.00094,60930.63511,0
1391,23096.696519999998,57419.90678,0
942,23377.09076,59755.66186,0
1081,23888.22729,58571.60178,0
2718,23009.95418,58345.23862999999,1
2668,22825.11032,57675.478489999994,1
1513,24702.7691,59308.11344,0
2046,22561.42685,59299.93032000001,1
2748,23171.240980000002,59074.96867,1
1581,23328.355209999998,59592.2465,0
2264,23664.65371,57283.73278,1
1295,24957.40816,60797.27611,0
2115,22857.48628,57980.78789,1
692,25527.610930000003,59715.337470000006,0
1535,24171.28334,60620.45432999999,0
3614,22114.10765,58369.65222,1
3687,21993.79735,58827.86536,1
3088,23569.071359999998,62503.95989,1
2063,23499.62399,60299.56235,1
1661,23847.71976,59533.778,0
2593,20388.50647,60165.53826,1
1519,22571.81281,59839.80585,0
3413,21978.650419999998,60874.71147,1
5,24123.427340000002,58999.952829999995,0
420,24838.208319999998,60324.18512,0
3708,22685.85172,58755.37945,1
2904,23285.40075,59138.15308,1
67,23856.35076,58353.89604,0
2425,23955.24472,59408.32894,1
2476,22183.91448,61010.87432,1
1017,25361.95748,60044.42037000001,0
2659,20768.82818,59141.87493,1
3892,23903.44438,57768.88012,1
3544,24386.10569,61281.81807,1
1154,23970.496180000002,60067.37367000001,0
1563,24725.75087,61049.71299,0
1739,25113.96284,60184.07826,0
1313,22580.66726,61546.34285,0
482,23278.98072,59987.96256,0
766,23697.791380000002,58727.65994,0
1669,23205.578690000002,59162.45669,0
3957,23386.65055,58746.76902000001,1
1753,24473.166380000002,59492.50792999999,0
188,25679.71123,62361.86199,0
3536,23966.25763,56902.21959,1
307,23601.41741,62500.27209,0
1435,24195.81893,60987.19403,0
2599,23957.96751,59409.62839,1
380,24027.70244,60582.4643,0
3026,24616.02922,60241.52766,1
3094,23191.834,59817.69541,1
1559,22948.08608,61138.62463,0
262,24973.24929,58963.54542,0
1930,24765.927480000002,60147.03424,0
3400,22606.65067,58315.32672999999,1
1723,22759.1044,61070.958510000004,0
985,24242.0588,60597.35977,0
2629,22081.22681,57638.0887,1
1272,24854.22778,59844.74535,0
2471,24308.31405,59064.14955,1
931,24056.62386,63613.93945,0
323,23045.29654,60748.28272,0
125,23408.16061,60798.11629,0
499,24045.82699,59963.77461,0
57,23639.70497,61438.30844,0
283,24412.72144,59177.975,0
2819,22764.577419999998,59372.99227,1
1845,22862.888769999998,58802.08945,0
1931,23604.39557,60064.397229999995,0
2080,23239.69371,59229.90219,1
1169,23476.15014,59805.75942,0
3639,22534.45503,58124.3427,1
1586,24557.17412,58218.689000000006,0
3479,24297.53144,60178.941329999994,1
871,24623.46671,60280.312529999996,0
1523,22710.334580000002,60894.760220000004,0
576,23108.41621,58745.565610000005,0
1181,24389.457290000002,60932.13441,0
367,24187.37848,59519.16977000001,0
3074,22798.99159,59014.55785,1
1478,24217.37933,58188.388289999995,0
628,23531.90252,61335.294689999995,0
2440,23284.15644,59458.47215,1
446,24940.19372,58284.22607999999,0
3828,23864.45898,60856.11195,1
1426,24118.451419999998,60594.55974,0
2297,23321.17528,59926.214739999996,1
1275,23723.95416,59439.82357000001,0
1813,24462.00739,59355.259979999995,0
2844,22825.17693,60251.79595,1
432,24468.671769999997,60443.79585,0
3659,23185.68201,58585.5756,1
1988,23580.21902,61563.0686,0
3361,24215.44302,60110.85542000001,1
458,23960.41806,59991.63095,0
3545,23266.116990000002,59677.61218,1
1303,23650.8336,60761.61432000001,0
3255,23704.10691,60780.22573,1
2051,22380.5999,59515.402120000006,1
2683,24678.32632,59817.35197,1
3510,23697.41399,58442.459389999996,1
2846,22303.45763,58789.31726,1
2097,22871.28771,60146.21762,1
2663,23114.67369,60786.215789999995,1
3750,23532.20619,60308.657289999996,1
164,24479.21015,58666.48809,0
135,23638.59867,59217.7197,0
868,24887.5887,60621.75282,0
532,24244.06348,58792.62331,0
1897,23982.96891,59205.393189999995,0
2582,23342.65085,59287.85611,1
2536,22885.666390000002,60175.67027,1
1885,24088.44654,58885.87476,0
2779,22874.76395,60968.416379999995,1
3767,23773.50877,60277.626,1
559,23922.28885,58169.50825,0
2326,23132.79533,59815.85422000001,1
1137,22702.29932,59941.00482,0
1481,25025.36255,61874.70849,0
732,24006.1724,60381.11761,0
3222,22757.58433,58812.057329999996,1
2007,23393.95814,59386.605129999996,1
1708,24139.27231,57270.63051,0
365,23283.383690000002,60272.490020000005,0
1700,23586.94626,61806.31129,0
2931,23505.06911,61165.28246,1
1963,25227.03773,60504.963260000004,0
144,24643.98038,59347.58659,0
2992,22808.466,58579.64438,1
727,25624.52772,60099.17845,0
2134,23474.7291,59092.84244,1
3164,23387.700409999998,60954.91684,1
326,22766.64662,60179.72782000001,0
2157,24520.731659999998,58474.546089999996,1
3454,23746.22285,59045.38007000001,1
1996,24317.37172,59956.59905,0
1317,22836.94287,59552.421420000006,0
2716,21434.05545,59199.21835,1
3825,23416.372669999997,60422.775539999995,1
3910,22186.881709999998,58824.40806,1
1730,24282.339809999998,60043.70179,0
3681,21935.09989,58331.79358,1
744,23177.60039,57375.481360000005,0
796,23306.6532,60691.43117,0
2145,23917.335369999997,57235.3769,1
3455,22850.10335,58936.67609,1
647,23769.02949,59586.145339999995,0
3068,22820.19457,60349.41209,1
1504,24667.29213,60033.35316,0
746,24267.78493,61241.17525,0
423,23924.473980000002,61222.8533,0
1856,23323.022090000002,59168.86652,0
3810,23600.094390000002,58861.23989,1
2268,23272.615130000002,59415.73517000001,1
3001,23366.93184,59066.07207,1
515,24585.37886,58138.96987000001,0
3146,23652.57716,61866.8369,1
1892,23597.15151,59339.333060000004,0
3720,23595.52926,59570.61796,1
1546,25801.92581,59131.41123,0
3556,23915.041680000002,58108.77762000001,1
2808,22070.7942,58089.974239999996,1
3682,23451.72293,57719.44726,1
3243,21997.72795,57504.49285,1
1834,25530.97902,60776.28823,0
