,Price,Weight,Type
3988,23287.60691,57173.780320000005,1
880,24676.71342,60806.29283,0
1084,24802.28341,60872.673010000006,0
3730,23027.35992,57297.33245,1
2968,22823.77761,56430.29862,1
2799,22516.018630000002,55825.64392,1
3290,22728.60759,57388.034810000005,1
2477,23202.61164,56625.529310000005,1
3608,23485.42805,56418.75181,1
2329,22594.76108,57476.90334,1
1350,23934.19118,63312.47872000001,0
3572,23184.293980000002,56434.06987000001,1
1478,23322.43145,56756.92691,0
284,23768.88548,60259.120820000004,0
3149,22497.137759999998,54293.86635,1
1814,24278.27633,61491.6308,0
1618,24015.10428,61451.91553,0
1627,23922.179819999998,61306.960510000004,0
180,23574.9401,58821.275160000005,0
811,23936.40602,57900.01884,0
528,23920.46075,60645.968,0
3205,23067.91341,55493.17947,1
996,23659.713340000002,60313.99552999999,0
997,23845.622730000003,61373.41349,0
344,24154.43845,60322.74152,0
994,24716.32401,59375.9581,0
1584,24528.643180000003,59750.016879999996,0
1524,23597.00743,58924.2325,0
393,24496.86366,59973.24555,0
824,23739.10596,59142.72169,0
1498,23499.10831,59693.03279,0
267,23881.00514,60541.141579999996,0
2305,23554.859959999998,56101.776589999994,1
874,24107.90455,60289.008270000006,0
3684,23122.751669999998,54919.05877,1
3560,22476.91157,55684.188129999995,1
1327,23646.9969,59311.70315,0
2124,23721.17938,55509.43599,1
371,24099.9968,61899.24349,0
3812,23083.4508,55649.05215,1
3450,22788.9875,54628.38656,1
2664,23264.68476,56086.16673,1
1004,23149.19756,60061.881460000004,0
2414,22798.02243,55822.106589999996,1
867,24533.7183,57594.87539,0
2660,22937.16936,54005.75181,1
408,23485.111240000002,59137.790960000006,0
94,23893.9919,59731.745689999996,0
3902,22736.908880000003,56465.9589,1
433,23758.204859999998,59903.44617999999,0
665,24306.38113,59371.23327999999,0
1454,24064.413940000002,60312.204320000004,0
2040,22563.54434,57684.119660000004,1
2684,22245.34589,55966.45864,1
2351,22767.95478,55343.10763,1
2487,23229.78892,54281.62747000001,1
2789,23008.276319999997,55331.58605,1
2847,23220.86685,55898.61787,1
639,23448.73828,60906.791339999996,0
2072,23407.84186,55458.931679999994,1
1613,24084.064130000002,60743.20763,0
1153,23313.00122,57469.96467,0
3622,23112.01728,56721.79742,1
1406,23556.72911,59614.98266,0
910,23705.16435,59471.358870000004,0
833,24606.78824,59376.0643,0
2901,22712.23916,56252.54541,1
1945,24064.47565,59789.384210000004,0
1623,24056.97814,60656.44194,0
1808,24269.25141,59659.321520000005,0
3223,22400.0854,55459.70058,1
3934,22443.190880000002,56252.42345,1
3188,23308.17709,55317.43882,1
927,23991.39665,59066.16849,0
837,23609.269959999998,59266.33371,0
644,23862.3047,62631.091779999995,0
2026,22683.95734,55778.34876,1
1695,23942.90378,60486.35372000001,0
1707,23879.7344,59835.58382000001,0
2017,22881.50597,54839.46532999999,1
3952,23113.97731,57472.17422000001,1
3456,21658.21756,54330.87385,1
1007,23554.963819999997,60880.719710000005,0
3535,22766.396930000003,56656.30296,1
2001,22985.69872,55986.3579,1
1349,24202.45073,59151.4968,0
3004,22877.56834,55824.951960000006,1
897,23856.16458,59001.467789999995,0
2626,22809.91877,56524.73266,1
1392,23933.62441,59930.23762000001,0
3637,22925.41191,57179.34902,1
3686,22598.656730000002,57286.99011,1
2657,22266.01469,55996.78745,1
595,23700.86558,60837.41922999999,0
2293,22614.40501,57872.72229,1
3412,23355.324569999997,57884.60055,1
411,23521.53931,60519.499429999996,0
3169,23100.50907,54883.69615,1
505,23119.03513,60485.494329999994,0
1063,23793.45619,60761.6504,0
1208,23463.07636,60039.93621,0
3532,22658.98889,53592.25419,1
841,23663.52742,59135.778360000004,0
279,23828.21847,61846.00056,0
1581,24140.55185,58941.36399,0
3610,22887.6988,54411.2505,1
483,23420.38984,60223.21072999999,0
1495,23404.78423,60240.5228,0
602,23969.59775,58923.19501,0
2340,22410.04756,55875.23685,1
2088,22224.7385,54833.15541,1
1633,23727.6542,58794.6698,0
2805,22822.58947,55165.53381,1
2264,22517.763069999997,53820.423729999995,1
722,23880.66328,59613.20212,0
3272,22049.01551,54090.48802999999,1
2954,22183.043690000002,58021.57807999999,1
3809,22682.52765,54669.29444,1
3584,22927.84721,55369.62079,1
2380,22726.48422,56538.12154,1
276,23736.27113,62233.11351,0
2970,22919.37084,54780.18422999999,1
282,23921.54421,60069.851689999996,0
3720,23237.21123,56753.391070000005,1
1032,23898.802000000003,61011.014670000004,0
1227,23819.822790000002,62180.846770000004,0
1525,23212.895669999998,61809.48625,0
586,24030.29655,62400.86695,0
2479,23015.06551,56020.235539999994,1
139,24112.18528,59388.2108,0
2141,22773.10925,55496.1544,1
1104,24911.68781,57965.44746,0
2032,22457.28804,57492.143489999995,1
1840,23489.66661,58834.43566,0
2283,23376.3992,53549.58822,1
2188,22644.08724,57390.3776,1
342,24309.86035,60193.935860000005,0
2053,22971.03713,57516.62152000001,1
3116,23389.38418,56597.71731,1
3340,22330.2129,55587.676029999995,1
568,23996.1825,59496.7951,0
2377,23629.31816,55240.95962,1
1506,23378.357809999998,58880.92364,0
3943,23276.679,55141.46705,1
3998,22306.92066,56597.34613,1
3971,22848.91651,56260.940989999996,1
3402,23278.552030000003,55876.26659,1
3045,22514.35946,57267.94127,1
1818,23169.4833,60847.16715,0
886,24374.080840000002,60635.99366,0
3179,23458.03805,53691.87756,1
1183,24422.29114,61368.82618,0
2168,22614.66124,55040.50472999999,1
2470,22557.3071,56674.30301,1
1746,24598.71895,60289.57324,0
475,24292.6405,60281.72267999999,0
2233,22660.35711,55436.99646,1
2254,23312.78296,56118.48003,1
3002,22926.06686,55342.93686,1
3438,23178.7702,56721.02352,1
1261,24858.5151,61412.59481,0
354,24071.02662,59414.34605,0
2690,22905.27591,56674.07372000001,1
1395,24330.85986,59576.377239999994,0
956,24209.2084,60360.33205,0
1701,24319.32207,59097.51089,0
3652,22903.60708,56377.962889999995,1
971,24320.0749,59577.51666,0
2850,22208.82309,55900.22151,1
1839,23760.68395,60835.145079999995,0
2265,22767.72902,56226.746979999996,1
3862,22890.7727,55202.31096,1
1580,23966.24972,61970.53252000001,0
1900,23871.87829,62300.70637000001,0
150,23633.48629,59125.9286,0
3451,23005.24597,57285.31883,1
884,23934.31875,59896.44045,0
641,24331.27906,61324.40923,0
3193,22432.25691,54796.537070000006,1
3707,22147.419169999997,56662.79835,1
245,23728.99768,59231.95401,0
3372,22996.525230000003,55100.24279,1
349,24459.157030000002,61173.40824,0
588,24393.8254,61131.96856,0
669,23525.225309999998,59924.26182000001,0
3695,23193.22033,57576.95837000001,1
532,24831.95664,60128.681560000005,0
1229,23635.58799,58811.36094,0
1726,24421.86152,58966.756729999994,0
2730,22401.26777,55979.20077999999,1
3919,22980.28743,54974.620129999996,1
3186,22692.02053,57226.693060000005,1
1333,24509.44033,58039.00697,0
1256,24247.2007,59497.88639,0
2594,23234.37025,54697.00468,1
2704,22265.58741,53119.101610000005,1
1120,24195.56667,61403.31347000001,0
1370,24079.66055,60198.1877,0
3697,23001.89241,55466.34377000001,1
619,24599.437,59078.91201,0
1217,24825.01482,61312.796010000005,0
670,24425.619759999998,60347.6115,0
1455,23532.19166,61180.59169,0
647,24485.25392,58627.23787999999,0
2683,23018.118980000003,58085.40727,1
914,23843.210030000002,58186.87722,0
1320,24434.10969,60110.87828,0
3554,22212.89747,56048.52492999999,1
170,24681.017480000002,61310.076010000004,0
1869,24238.070969999997,58788.82284,0
591,24847.69675,60060.58279,0
2015,22746.975319999998,56778.408410000004,1
3177,22484.9451,56770.28111,1
3044,22259.87377,54670.01885,1
2363,22470.56582,57062.36855,1
2871,23782.07598,57679.03452000001,1
154,24037.200719999997,60248.11803,0
3769,22473.48213,54190.51394,1
2155,22847.00605,56584.22161,1
380,23825.220859999998,59242.613110000006,0
490,23984.61092,61751.502870000004,0
2852,22500.37215,56869.363379999995,1
1593,23115.71379,60640.74013,0
2150,22587.51065,55374.59865,1
2130,22988.727000000003,56497.69171,1
3846,23346.21698,55296.8419,1
127,24209.24293,59749.832279999995,0
802,23757.207140000002,60498.9131,0
1650,24398.88403,62422.78517,0
2529,22544.88475,52662.55375,1
2769,22780.752109999998,55448.35902,1
3978,22780.23471,57746.345579999994,1
604,23600.87625,58738.72875,0
2726,23592.65276,55315.04665,1
2956,22294.02815,56061.496020000006,1
2143,23167.686530000003,56579.63972000001,1
3587,23195.65336,56059.44769,1
1402,24488.53841,60895.545139999995,0
1391,24486.92326,60270.15289,0
3414,22894.04664,54445.049170000006,1
908,23446.08611,57484.45552999999,0
195,24273.947940000002,60273.56179,0
512,24341.50275,60637.35781,0
2880,22918.21063,56953.921610000005,1
3962,22441.5563,54775.45225,1
1553,23187.753090000002,58193.271239999995,0
3388,22161.29879,55326.78545,1
56,24285.99634,58924.59628,0
2497,22788.36585,56663.268529999994,1
2819,22751.87459,55787.547810000004,1
1570,24276.86671,59950.392779999995,0
2424,23387.8886,53333.37369,1
1300,23817.47181,62520.53156,0
3124,22566.98177,55981.80293,1
2237,23112.16431,57594.14822999999,1
1736,23471.293230000003,60063.82151,0
1087,23550.22293,59735.1458,0
1280,24329.489680000002,57783.18996,0
3424,23642.75131,54876.4747,1
2605,22458.839969999997,56085.72588,1
2855,22538.70708,56070.24957000001,1
2981,22536.07189,57062.892120000004,1
1528,23849.73567,61533.77084,0
1422,24045.67905,60689.81762,0
2573,22470.35114,56497.08585,1
2904,22875.52132,56498.27287000001,1
2033,22858.297440000002,56057.84717000001,1
1547,24374.93897,60381.57866,0
3633,23057.35284,54233.22625,1
2993,23105.14551,56526.48971,1
2818,23074.02597,55890.5455,1
321,24857.21553,59907.37905,0
502,24402.59938,57247.36607999999,0
1226,24495.436130000002,55705.1545,0
2950,22942.63359,57377.573560000004,1
230,22983.34004,61477.5732,0
1624,23672.78067,59829.79922000001,0
931,23836.59291,56472.12994,0
473,24492.37828,60604.006870000005,0
3585,23058.23187,54640.9039,1
3341,21745.164819999998,57733.506089999995,1
1076,24043.74401,57930.120820000004,0
3238,22838.37127,56519.38344,1
755,24275.468780000003,62306.78817000001,0
1098,23929.75756,60156.12025,0
1848,23842.70971,58700.979029999995,0
1952,23885.32246,61091.11644,0
1474,24516.1443,60930.53687999999,0
3120,23061.09915,56368.63237000001,1
3106,23035.101730000002,55150.04614,1
2863,23261.03871,55544.618910000005,1
1800,23615.79136,59475.97644,0
518,23720.340930000002,60966.05677,0
399,24047.19195,60730.672439999995,0
296,24930.96907,60047.895520000005,0
48,24276.9473,59005.754460000004,0
726,24125.77103,58831.90252,0
2920,22792.90159,56112.162189999995,1
3232,22523.09737,56123.02135,1
594,23739.74093,59242.08364,0
3442,22374.708580000002,58209.778860000006,1
1929,24109.420830000003,59661.07102999999,0
3791,23623.38715,57123.14408,1
702,24130.80523,61811.79245,0
1430,23684.91779,57569.72612000001,0
3561,23175.326719999997,57770.8126,1
2183,23060.64999,54908.800989999996,1
2361,23317.4535,55076.35375,1
2866,22533.43375,56205.2921,1
3090,22124.65911,56092.994179999994,1
113,23724.59024,59997.346139999994,0
3709,22752.718569999997,55368.03882,1
2227,23359.871069999997,53715.333470000005,1
1177,24367.49174,61534.71179,0
1102,24260.74376,57618.40081,0
2532,21803.46754,54736.646160000004,1
2391,22168.9651,56281.189179999994,1
1993,23599.209609999998,59540.042429999994,0
3012,22967.53096,55737.26335,1
2616,22817.81486,55993.38797999999,1
1018,24348.73341,60564.5456,0
303,23857.52824,59930.163179999996,0
1662,23576.13105,60757.53928,0
1110,23350.43963,58096.4091,0
3254,23171.33654,54643.39615,1
3084,22927.74078,56314.93376,1
3164,23050.096719999998,53824.47117999999,1
2023,22919.63654,56620.206889999994,1
2780,22355.50889,58985.662820000005,1
1017,23958.85245,61057.25732999999,0
395,23599.23696,59428.532960000004,0
1460,24577.825090000002,61739.37145,0
116,23792.26907,61001.83914,0
3898,23113.45912,56213.23855,1
2531,22260.16415,56255.218120000005,1
1269,23562.25141,62697.6425,0
3308,23101.56485,56516.01846,1
3972,23021.18627,54484.12693,1
662,23906.349580000002,59778.55057000001,0
161,23254.4876,61342.0168,0
3941,22812.78462,56471.84405,1
1912,24394.1565,59355.044689999995,0
748,23952.15435,60345.441779999994,0
3615,23056.38243,55177.29911,1
2397,22548.754409999998,55254.06385,1
2199,22313.9752,55311.42465,1
3362,21856.678330000002,56730.68587,1
449,24260.90357,61073.03337999999,0
1989,24077.557530000002,60537.89305,0
3917,22519.207609999998,55740.7858,1
3354,23335.77225,57064.37646,1
1239,23790.116840000002,59575.39829,0
2187,22731.83018,56307.2628,1
3533,22948.20068,55664.706710000006,1
467,24511.5527,58808.953310000004,0
3555,22536.735090000002,53894.714420000004,1
3655,22951.664090000002,54664.97727,1
2175,23092.667859999998,55129.09017,1
569,24252.77181,58343.720389999995,0
84,24309.58284,59929.88906,0
3356,22944.04549,52620.13978,1
3049,22756.03316,55131.239839999995,1
3536,23331.65681,55762.36916,1
1132,24080.42058,60682.97821,0
930,24331.59788,60091.644889999996,0
1094,24433.93533,60753.6773,0
3692,23015.02249,54956.08214,1
3818,22746.87481,55679.162260000005,1
2360,23226.80117,58095.238379999995,1
3719,22888.59235,55376.5249,1
3593,22928.61906,56352.25958,1
904,24591.42324,60740.5549,0
1719,24099.963030000003,60590.602329999994,0
2204,23036.10354,57133.73089,1
896,24149.16704,59481.36023,0
157,23853.82811,58939.89354,0
1475,24568.34471,59294.22122000001,0
3872,22292.371580000003,57317.089929999995,1
1150,24472.93348,59838.74362000001,0
252,24082.16808,59530.252960000005,0
2062,21672.91745,57019.911570000004,1
2869,22704.178,55974.57482,1
3693,22725.43581,57111.737129999994,1
422,23927.52311,60554.83711,0
1259,23736.13219,62718.840339999995,0
1309,24008.10093,58942.699239999994,0
2387,22712.636309999998,55212.336579999996,1
3785,23227.172309999998,57293.26062000001,1
1268,25352.941890000002,61640.62386,0
382,23837.46038,58742.775089999996,0
1277,23374.22061,58469.76752,0
1620,24228.43626,59162.704320000004,0
2357,23034.614419999998,59613.83292000001,1
221,23357.9169,61424.472239999996,0
3390,22678.23193,54476.62624,1
3889,22713.366309999998,55487.78268,1
1898,23741.7455,60833.33161,0
3772,22583.49234,57241.91606,1
2052,23101.149859999998,56649.05185,1
3830,21864.21675,58462.837739999995,1
2777,22026.392780000002,54142.54343,1
3583,22929.40514,58329.6237,1
30,24263.12417,57053.25747999999,0
3806,22397.062280000002,54390.91139,1
2729,22122.56625,55411.779910000005,1
2313,22516.33667,58873.0684,1
26,23958.66108,59908.13764,0
3580,23891.1857,55597.999529999994,1
1463,23837.06947,60034.442989999996,0
968,24111.64358,60005.9245,0
3807,23146.89575,55608.521029999996,1
2697,22391.03286,56248.37711,1
1170,24358.740019999997,60107.97807999999,0
2129,22845.56032,56073.60837,1
730,23730.69115,60975.03237000001,0
129,23390.555269999997,59954.00253,0
1275,23891.41221,61718.65335,0
3569,23107.517640000002,55218.357379999994,1
3834,23274.53975,54951.24705,1
1443,23541.33932,61534.4577,0
3938,22636.88351,56824.06809,1
2541,22535.615169999997,58747.570420000004,1
3766,22637.65953,55611.536960000005,1
1061,23611.17012,58383.24909,0
1574,23925.63789,59655.33252999999,0
3111,22961.38004,56616.97497,1
3470,22820.20279,57727.9413,1
2107,22641.19792,55663.549589999995,1
831,23669.813159999998,59713.51519,0
3255,22787.254240000002,55045.98827,1
1439,24223.59939,58783.75992999999,0
937,24366.68371,59906.39242999999,0
3277,23061.59796,55539.5386,1
2060,23555.68593,55010.8253,1
1357,23057.41146,58165.487010000004,0
1228,23976.90281,62817.662520000005,0
534,23943.20799,58930.51769,0
173,23313.99743,60506.25722000001,0
258,24522.968240000002,59921.94402,0
3339,23033.94805,54909.764039999995,1
2984,22712.44255,53379.33427,1
3235,23735.42421,54493.4668,1
1147,23633.12211,57488.22185,0
1944,23459.856819999997,61499.084,0
2309,22669.31494,56291.3155,1
1742,24345.41012,60616.49057,0
278,24354.84031,61448.67412,0
3877,22682.74957,56901.3295,1
3916,23102.77983,56331.25636,1
2467,22531.488240000002,56121.6581,1
1797,23654.345869999997,60533.38672,0
432,24237.03396,60435.15952000001,0
2245,23223.77233,55692.21456,1
1040,24456.533030000002,60804.727029999995,0
999,24079.79694,59204.66783,0
3248,23360.000669999998,56124.10081,1
3700,22722.58104,57723.150729999994,1
2051,22242.59143,54044.122339999994,1
690,24369.25721,60057.26695,0
3990,22897.2851,56617.39087,1
247,23756.07777,59493.19582000001,0
2458,22706.63448,54822.941679999996,1
2535,23276.503109999998,57055.52009,1
2891,22649.918840000002,56015.599420000006,1
2209,22915.4233,55067.85557000001,1
646,23382.20429,60046.153889999994,0
1187,23573.776990000002,61243.76947000001,0
1378,24175.58391,59563.52341,0
2499,23228.45685,54955.07176,1
571,24430.19085,59399.20261,0
212,24165.25059,59354.59085,0
3878,22596.21443,57799.226839999996,1
2771,22529.10056,56664.61678,1
3344,22347.43957,58234.974279999995,1
1219,24033.70981,58558.06149,0
1586,23815.14332,59527.26961,0
3687,23207.134869999998,57005.159320000006,1
3635,23609.07142,57457.34209,1
1499,23765.12472,59534.84936,0
2082,23014.66535,57688.33065,1
3503,22655.28751,55733.33647,1
1290,24299.51202,60071.07133,0
959,24704.62751,58944.44866,0
3083,22708.40304,55614.60849,1
2741,22248.49342,56440.466029999996,1
3881,22608.205,56662.69316,1
2304,22771.90242,55886.43922000001,1
1595,24373.24765,60066.22121,0
471,24990.939019999998,59899.201629999996,0
2586,22833.82877,56526.50056,1
202,23979.56396,60568.3595,0
3375,23143.79638,55281.13396,1
2842,22256.67348,55379.442189999994,1
1337,23238.682930000003,60579.3021,0
1190,24017.2934,59602.23657000001,0
2828,22776.12869,55834.24927000001,1
0,23647.84162,61719.10961,0
559,23763.011459999998,59406.26614,0
1776,24126.0416,60437.60091,0
621,23826.919530000003,59721.95164,0
707,24063.961519999997,58683.75925,0
2272,22993.686869999998,57554.76432,1
2139,22650.13971,56924.624639999995,1
3676,22321.932,55648.84058,1
3981,22843.3948,58074.891370000005,1
2036,22720.7177,55822.56981,1
2698,22441.925330000002,55911.58369,1
3014,22745.31811,55603.37697999999,1
1085,23573.03872,60335.6799,0
3502,22275.90035,57253.6421,1
1710,24649.72979,59288.130410000005,0
798,25054.07625,58709.98645,0
1209,24337.56252,61927.49825,0
392,23427.98095,59448.2547,0
709,24328.642219999998,60576.74317,0
89,24782.94995,58702.91592000001,0
226,23840.98013,59336.03637,0
2662,22403.66029,54787.30185,1
104,24296.54197,60666.5114,0
773,23214.97143,60262.6897,0
3911,22618.47497,56943.71877000001,1
2830,22999.88221,54403.0034,1
145,24740.47188,60237.60781,0
253,24211.13878,58502.11925,0
3038,23319.78244,54487.809839999994,1
3209,23538.06795,55394.61982000001,1
98,23320.504240000002,60485.28045,0
1305,23573.62166,58722.26319,0
1909,24401.052819999997,58345.74664,0
43,24008.94175,60831.93686,0
1444,23628.82952,58827.11032000001,0
3131,22034.582430000002,56898.41796,1
2095,23060.81043,55742.57592999999,1
2160,22485.9372,55722.14773,1
3930,22968.957130000003,54696.99936,1
3900,22626.83408,56543.80384,1
879,24211.128090000002,62923.35895,0
2642,22712.39994,55983.338760000006,1
3746,22453.47857,54981.54589,1
179,24195.43207,60439.247260000004,0
1491,24221.91141,61816.60555,0
439,23810.2825,60418.52604,0
2508,23481.75959,55584.07113,1
1121,24002.8934,60144.27167,0
668,23851.80559,62428.8177,0
2706,22242.006869999997,56220.30742999999,1
3642,22583.32893,56284.0424,1
2161,22388.75661,55634.24246,1
4,24419.67781,61135.17118,0
1462,24067.214069999998,62469.73037999999,0
1635,23338.50432,60880.72142,0
683,23820.86971,59791.182629999996,0
2921,22715.18409,56283.8577,1
1468,24145.21157,60438.61512,0
348,23527.49112,59207.30602,0
1730,23987.20445,59108.52997999999,0
3471,22505.97425,57980.88545,1
2415,22701.73042,56416.696579999996,1
3945,22704.4734,55835.434579999994,1
1281,24639.33538,59864.66688,0
1473,23826.50749,60515.35132,0
424,24101.15016,59898.589589999996,0
320,24489.50945,61119.94305,0
1502,24319.605519999997,59717.983029999996,0
3913,23305.3933,56957.70141,1
133,24015.00874,60929.0473,0
2759,22639.07701,54916.827489999996,1
1036,23939.77595,57315.18962999999,0
556,23988.37943,61581.4293,0
367,24056.9934,61003.20149,0
1763,24358.81375,62270.343460000004,0
3523,22605.9849,53456.09721,1
3504,22625.72945,56965.21725,1
975,23496.10065,59094.13912000001,0
2371,22463.678509999998,55482.5245,1
2859,22133.88033,54805.41072000001,1
3196,23084.79574,56951.17849,1
3802,22957.66366,53497.18352,1
398,24218.65465,59141.87469,0
731,23768.23614,60707.72825,0
329,24001.94344,59831.04327,0
3350,22439.78813,56147.62681,1
962,24785.23162,58840.590679999994,0
2619,22498.26363,52111.82228,1
413,24266.853430000003,61461.14999,0
335,24001.55806,60273.53605,0
1995,23677.50972,60688.51629,0
3319,23803.3012,55809.6648,1
3312,22982.73387,57195.49439,1
883,24005.6275,60337.94847,0
3432,22901.645959999998,56118.17539,1
10,24877.77611,59572.128410000005,0
3280,22137.31043,54779.79815,1
2248,22841.578680000002,56804.60225,1
510,24286.1814,58167.439660000004,0
2964,23295.9861,57188.0534,1
743,24654.48915,60213.36979,0
3611,22742.11809,57402.836839999996,1
192,23927.70995,61090.90286,0
614,24343.114380000003,60001.63401,0
3046,23366.69167,56085.7756,1
3548,21469.08191,55320.55286,1
1899,23995.511580000002,60626.373589999996,0
1744,24229.23413,59988.13404,0
1845,23764.913480000003,61836.52992000001,0
667,24092.52711,58732.33659,0
2544,22229.25032,57152.53632000001,1
976,24336.006530000002,61510.96905,0
2570,23103.973140000002,54917.9627,1
637,23313.041719999997,61647.51866,0
3036,23289.22249,55691.012870000006,1
2123,23022.61748,58318.35442999999,1
3840,22507.35005,55131.82494,1
1692,24654.521780000003,62925.360929999995,0
137,24200.32016,63193.395410000005,0
643,24265.99715,63032.01711,0
2394,23074.717780000003,54052.62575,1
2788,22736.91364,52446.076369999995,1
130,24105.14912,59844.83705,0
1557,23925.59077,61808.881420000005,0
3571,22657.4468,56165.80986,1
1185,23728.88772,60248.70782,0
172,23614.285480000002,59589.460170000006,0
487,24720.54984,60432.96947999999,0
2886,23046.19905,56318.67204,1
3300,22564.24531,58448.60075,1
3355,22584.52363,58059.53283,1
572,23728.1077,59032.1739,0
2682,22207.51485,56934.31119,1
3030,22776.37343,57183.312789999996,1
3951,22260.45985,57764.48331,1
2796,22536.54101,56718.15173,1
1965,24046.0052,58178.58411,0
513,23810.522230000002,58841.93555,0
3909,23293.9889,56779.88879,1
3510,22894.54454,55614.87485,1
3675,23391.70506,56127.41982,1
599,24001.936419999998,59202.5657,0
3975,22102.58218,58091.33459,1
1842,24237.03865,60235.845239999995,0
3630,22979.55034,58061.69568,1
2553,22924.95765,56576.4664,1
277,24278.4976,58980.39087999999,0
1720,24562.03246,59353.53514,0
1756,23746.841330000003,59266.03989,0
3305,23312.73083,57009.39329,1
2557,22800.25935,56118.80327999999,1
3204,22733.74814,54862.58202,1
2770,22269.18792,56908.641560000004,1
3384,23026.93485,56202.36606,1
3575,23129.50335,58041.764110000004,1
2923,22909.97976,55909.4629,1
2873,22733.96967,57546.811910000004,1
3965,22447.26287,57622.906820000004,1
1750,23635.57943,58625.89662000001,0
728,23113.35808,60640.431410000005,0
1053,24248.07326,58405.926929999994,0
3926,22617.99434,56446.57366,1
2426,23022.15672,55150.41655,1
1164,24011.25485,60580.72949,0
2423,22705.7199,59490.90387,1
2003,22773.67084,55156.982220000005,1
478,23603.60268,59113.935860000005,0
945,23419.9504,60607.21932999999,0
2164,22520.87729,55243.80892,1
1864,23576.68618,57595.657320000006,0
1415,23986.61648,60935.72953,0
2057,22711.44035,57003.835829999996,1
1947,24021.78839,60756.64755,0
3718,23016.09515,55306.279039999994,1
1060,23827.46283,58466.42897000001,0
412,23333.43804,58932.892889999996,0
1527,24777.6897,59413.630789999996,0
2163,22802.13055,56425.93677000001,1
3245,22531.25519,56069.03883,1
1976,23575.57466,59349.91737999999,0
1926,23770.454169999997,60843.808039999996,0
648,24627.4121,59838.4434,0
144,23722.19728,57442.515439999996,0
2776,23548.1007,56937.252089999994,1
2069,23338.19883,55974.860239999995,1
3017,22786.0813,55713.31422000001,1
68,23779.92753,58282.92324,0
2750,22400.585759999998,56300.733239999994,1
2306,22730.095980000002,55318.53005,1
3765,22687.8537,55895.10043,1
611,23908.11893,60781.76346,0
2389,23151.67805,56324.5943,1
2493,23064.78971,56603.01794,1
2263,22809.91839,57017.466010000004,1
2291,22885.37181,54863.35515,1
3379,22683.85355,56035.41926,1
1336,24192.37325,60421.33425,0
2930,22124.063290000002,57705.23859,1
2708,22570.8861,54416.012039999994,1
757,24636.41016,60004.51779,0
1769,24074.082919999997,58825.06547,0
2935,22971.35929,54283.518820000005,1
3346,23426.33556,56312.2055,1
2083,22949.31968,55889.08827000001,1
3035,22671.1194,58904.347129999995,1
603,23758.52382,58721.52525,0
2206,22900.66299,55772.05195,1
3472,23237.58107,57662.32821,1
3527,22364.257980000002,56419.64498,1
1429,24007.72324,60840.93361,0
2924,22307.44067,53064.319039999995,1
545,23697.09663,62659.62941,0
1181,24461.1001,59471.63347000001,0
3152,22246.96484,57294.81266,1
3581,23036.471540000002,56111.48326,1
2244,22925.001659999998,56465.35439,1
3425,23270.925880000003,56460.62304,1
2101,22544.05833,55978.850329999994,1
3282,23232.76641,56136.11532999999,1
1099,24135.578380000003,59360.222420000006,0
589,23787.40631,60491.764,0
1585,23913.3935,60506.862389999995,0
2066,23530.58279,56180.11997000001,1
2526,23065.8888,56448.16718,1
810,24699.26811,60634.527420000006,0
983,23594.03687,59622.41998,0
1772,24199.95566,60957.083360000004,0
3783,22508.07577,54654.02491,1
3126,22860.38765,55080.63367,1
3600,22662.5444,57234.35548,1
2933,22462.9659,55474.67915,1
3520,22941.05702,56378.90345,1
1399,24684.06506,61477.57165,0
1881,23503.54118,60429.835,0
2585,23557.8181,56285.50907000001,1
1906,23944.57439,62625.5409,0
3484,22936.59183,55885.44571,1
2567,22378.97848,54067.481139999996,1
2019,22422.57992,57870.6424,1
871,23780.89936,61384.68086,0
3338,22956.59034,54302.50587000001,1
444,23319.60796,59712.32298,0
1315,24476.4555,58610.29462000001,0
3672,22834.90871,54332.19699,1
2895,22395.64475,55745.18851,1
1805,24346.15189,61251.439360000004,0
687,23538.77763,61107.55842,0
264,24037.432419999997,60868.15689,0
1537,23988.90938,59584.416639999996,0
592,24085.504719999997,60331.79162999999,0
2677,22476.94849,54462.70533,1
760,23757.92614,61243.66555,0
3117,22385.87776,56150.65206,1
3741,22600.304780000002,55809.90649,1
355,24669.01315,58261.907020000006,0
3871,22173.88379,57289.853839999996,1
847,23808.19169,61573.0034,0
2906,22982.029980000003,55638.566920000005,1
3567,22390.47991,55860.528920000004,1
3987,22519.68603,54495.184610000004,1
763,24271.680640000002,60146.11389,0
529,23703.08364,58187.15249,0
1923,24115.460619999998,59028.19845,0
2790,23770.07995,54921.96022000001,1
2235,22875.72435,57604.62292,1
293,24250.35465,60239.28234,0
3292,23053.90366,56034.176770000005,1
3679,23065.499219999998,54750.26872000001,1
3545,23207.48064,57802.27752,1
2763,22155.85969,57403.30341,1
1542,24388.0112,58042.558970000006,0
2810,22671.38114,55943.81198,1
1677,23583.806090000002,60456.295979999995,0
3755,23313.20774,54858.061879999994,1
2221,22721.06235,54625.14683,1
3286,22858.07322,56364.069070000005,1
21,24239.11364,60450.81179,0
1765,23905.57447,59530.3265,0
3582,22763.40735,56598.566020000006,1
2392,22757.03311,56809.38751,1
3714,23206.88601,57177.824479999996,1
498,22911.69855,60689.41215,0
285,23740.26242,58988.237329999996,0
2756,23199.349009999998,55148.71829,1
1645,24576.03353,61750.02359,0
3136,23220.314919999997,56857.922770000005,1
1339,23997.85706,60458.51105,0
1889,24067.37012,60344.296310000005,0
2474,22744.74656,58364.92296,1
2212,22809.188,56115.081560000006,1
3216,22899.4794,57340.5864,1
1034,24333.31209,60772.20306,0
2004,23159.13305,54142.56975,1
2822,23422.07243,57220.990320000004,1
337,24910.564169999998,58967.003070000006,0
3437,23280.44608,55286.842979999994,1
254,23836.058390000002,59213.6001,0
1812,24324.44478,59955.02412,0
1128,23573.272240000002,60242.11464,0
1318,24135.80035,58500.70811,0
3923,22950.0288,55929.103729999995,1
2724,23485.012919999997,55335.189529999996,1
750,24301.00529,58897.392779999995,0
1964,24263.37553,61420.45854,0
2326,23006.517999999996,54588.83022,1
1724,23803.80357,60587.12194,0
489,23737.50158,58951.32988,0
7,23504.88444,58968.7844,0
1690,23653.501640000002,58693.90139,0
3606,23056.22264,55581.84639,1
3955,22727.192590000002,55926.97275,1
2450,22852.08531,54609.986260000005,1
2653,23443.05343,54388.583470000005,1
2663,22521.24887,56459.79437,1
3597,22425.02993,57175.678,1
876,24036.3136,59036.3356,0
2639,22509.88235,56116.57536,1
1274,23698.04102,60438.869000000006,0
720,24425.42932,58683.34304,0
3093,22424.1619,55876.63824,1
3446,22950.07138,57147.4108,1
3852,23073.51815,56502.05281,1
1970,24013.571069999998,58198.84752999999,0
2658,23317.010159999998,57144.56608,1
1583,23584.73246,60367.79176,0
2070,23463.45571,57197.672060000004,1
696,23756.876630000002,61005.25147999999,0
2640,22926.24756,56473.535079999994,1
1400,24085.94108,60357.181529999994,0
2251,22087.13107,56577.484379999994,1
1689,24148.64928,58641.84949,0
280,24155.78329,60919.921270000006,0
2881,22636.55985,56864.51125,1
2845,22455.6455,56568.28515,1
818,24528.29791,60606.42047999999,0
2364,22469.11669,56008.75476,1
1436,23716.56525,62178.218629999996,0
2480,22418.02352,56471.423279999995,1
889,23617.49712,58355.43314,0
2888,22562.92683,56909.4737,1
2813,23025.04054,56315.604060000005,1
2860,23221.77838,54962.60145,1
1569,24045.50252,58483.73964,0
1942,23999.6998,59734.674960000004,0
1167,24482.74648,59531.44929,0
3201,22078.513069999997,57593.40495,1
606,24469.85832,59515.803320000006,0
115,24440.03339,61987.34965,0
3262,23055.0745,53353.10848,1
1739,23411.462359999998,60503.080120000006,0
97,24101.98937,59316.02534,0
1465,24048.850140000002,61435.01034,0
3929,22831.61044,53755.51657000001,1
2608,23146.43575,55080.37734,1
2089,22932.56139,55304.981289999996,1
521,23814.17754,59995.39497,0
1130,23459.80168,60538.56115,0
308,23899.56293,59836.14053,0
100,23880.516819999997,59816.61064,0
799,24423.79966,61487.72725,0
1937,23362.02593,60035.30512999999,0
1794,24012.55862,59090.84485,0
1021,24802.493430000002,58480.74845,0
1552,23954.01581,60167.37212000001,0
2064,23463.060680000002,57071.579860000005,1
177,24130.66613,61731.01226,0
1496,24376.1655,61472.85846,0
164,23388.117619999997,60777.60721,0
3794,22672.41343,55196.672510000004,1
2817,22437.96053,53502.66996,1
2448,23075.72075,58645.79115,1
2767,22289.31621,54980.68912,1
2582,22029.44464,56592.53396,1
196,24093.86796,59425.64022,0
2761,22938.8904,55892.10027,1
2201,23086.733819999998,54755.65652999999,1
2824,22881.23303,56070.85619,1
2324,22774.71368,56291.02661,1
462,24367.646969999998,59972.47965,0
3026,22867.85721,54536.87188,1
2864,22446.81619,55107.422439999995,1
2434,22516.52888,54063.02489,1
2455,22667.507859999998,55697.15686,1
2821,22608.6783,56231.92825,1
1117,23720.78298,63937.759589999994,0
153,23837.29469,59762.79462000001,0
168,23811.43994,59994.706079999996,0
788,23990.61207,61314.618989999995,0
925,23859.06732,61289.55782,0
1111,23901.6961,60438.59197,0
3966,22577.08895,55649.64419,1
430,24549.280619999998,58445.96716,0
322,23911.35442,60476.986789999995,0
3109,22407.9787,55572.48925,1
544,23710.59407,60424.21249,0
3698,23146.61491,56161.2482,1
3422,22599.73617,56769.042129999994,1
3710,22790.87072,57777.181710000004,1
846,24317.463819999997,59884.620429999995,0
598,23718.60856,61018.97526,0
3259,22930.78556,56612.88979,1
3894,23231.03361,55617.738520000006,1
2949,22665.824669999998,58975.56317,1
493,23945.44148,60551.29607999999,0
3118,22694.70661,55992.11606,1
514,24036.582980000003,62599.9707,0
1755,24306.21995,58500.05375,0
1172,24336.171430000002,60950.85547,0
3604,23163.7211,55655.6086,1
1956,24544.44033,60284.05293,0
3251,22944.789969999998,55672.571560000004,1
3279,22552.963509999998,55315.477620000005,1
242,23807.5998,60050.908189999995,0
3680,22589.455469999997,55216.259170000005,1
3639,22441.042230000003,56449.098289999994,1
3863,23187.35853,56829.63918,1
3103,22927.60239,56166.749910000006,1
3065,22808.62962,56899.61106,1
782,23464.8604,59822.262689999996,0
3721,23454.15471,55352.144720000004,1
3435,22969.19135,53811.0062,1
3154,22183.53105,57396.97695,1
2713,22068.49723,55807.22364,1
1517,23686.34759,59887.79525,0
902,24078.34585,61024.00365,0
201,23821.14213,59843.5317,0
1344,23869.9696,61149.33579,0
2588,23639.68026,56546.6431,1
1435,23849.27134,60491.871779999994,0
1375,23626.04382,62256.32532,0
734,23890.093409999998,59603.98699,0
2396,22041.218419999997,55957.83052999999,1
899,23936.395630000003,59656.35654,0
3942,22559.584890000002,53968.56288,1
3378,22834.872880000003,57543.799360000005,1
3764,22378.104180000002,55817.417420000005,1
2073,22649.00711,56935.728489999994,1
1567,24143.98926,61542.05676,0
171,23692.665569999997,59264.03142000001,0
1028,23370.97246,58883.48481,0
206,24909.171140000002,59285.67718,0
1184,24205.0065,60932.03859,0
1866,24547.98711,61362.53687,0
1896,23708.0931,58937.75027999999,0
3620,22900.41701,56321.30386,1
1245,23735.360630000003,62795.86184,0
3944,22854.03331,56683.86166,1
1927,24681.86749,60216.073970000005,0
3974,22358.215,54419.66834,1
628,23998.02594,59506.97795,0
420,24204.67463,60011.177729999996,0
1203,23413.77083,58702.0,0
3653,22529.99209,57963.53966,1
2194,22551.70927,56383.38424,1
3850,22979.11786,56863.637720000006,1
530,23893.04244,56781.297679999996,0
3213,22498.446640000002,56443.870429999995,1
2624,22269.33987,55546.61802,1
2373,23587.03205,57116.885570000006,1
236,24778.83787,59581.9765,0
3901,23010.13189,56075.4745,1
3053,22968.92699,55581.34495,1
184,23692.36128,61804.901410000006,0
3808,22772.117000000002,55175.405920000005,1
3861,22830.597319999997,54632.770410000005,1
2632,23434.36156,56627.918139999994,1
2368,22558.74023,54306.74257,1
2589,22214.85326,56958.86864,1
3325,22375.75333,56753.750420000004,1
3431,22990.68937,59098.46411,1
2024,23146.90618,55875.686160000005,1
859,24106.372890000002,57294.20135,0
617,24170.66909,59434.19481,0
844,24606.294719999998,61505.57999,0
309,23773.90162,59127.53276,0
829,24201.82165,59814.911089999994,0
156,24179.167380000003,60308.93053,0
955,23617.19167,60270.35548,0
1834,24577.13619,60771.2529,0
16,24121.24381,61063.51486,0
2579,21920.15634,54953.183710000005,1
121,23619.72074,61455.25701,0
551,24009.787269999997,60717.68175,0
2339,22883.6265,56307.68038,1
2612,23653.14893,55217.56804,1
1319,24244.864830000002,59447.752810000005,0
2746,22440.00089,56414.224129999995,1
969,23653.79409,59902.25504,0
3729,22669.98734,55946.54509,1
479,24662.59927,59974.22599,0
2688,22336.07955,56284.58388,1
2559,22991.57555,56836.250570000004,1
197,23896.46432,59731.87617999999,0
1990,23674.33058,59373.79355,0
3602,22392.4078,57869.2473,1
1379,23086.79324,61687.00707000001,0
2145,23136.699480000003,56271.97801,1
1751,23786.73513,60016.65856,0
3659,22768.39964,58756.93483,1
547,23752.576680000002,62971.091779999995,0
1100,23302.72066,59995.06482000001,0
856,23940.462330000002,59869.50841,0
3383,22829.196190000002,56086.75949,1
805,23494.36267,60445.87055,0
