Price,Weight,Type
22502.90814,57499.69812000001,1
23606.38185,59892.59674,0
23588.91301,61164.72816,0
23050.77331,55427.8206,1
22686.33599,56781.5947,1
23945.44148,60551.29607999999,0
22713.949259999998,55561.08727999999,1
23015.35891,57944.009060000004,1
23927.0462,57905.52272000001,0
22666.34637,56506.67714,1
22169.34318,55705.64412999999,1
23272.16444,58750.0286,0
23587.03205,57116.885570000006,1
22912.85786,56337.4898,1
23626.04382,62256.32532,0
22549.722530000003,55079.6653,1
22847.60076,56214.974729999994,1
22371.49482,55926.2318,1
24011.25485,60580.72949,0
22257.820669999997,57265.06366,1
23619.183230000002,60603.01395,0
23404.92696,58845.43946,0
24260.90357,61073.03337999999,0
22516.018630000002,55825.64392,1
23578.37555,61789.92133,0
24160.72229,60553.24118,0
23666.46429,62114.245429999995,0
24082.16808,59530.252960000005,0
24331.27906,61324.40923,0
23627.56006,55808.85921,1
23879.28803,60293.90542,0
23012.20868,57510.45712000001,1
24488.89055,61045.64999,0
24255.54065,60986.25467,0
23097.02887,56907.506760000004,1
23040.0935,53528.03465,1
23633.12211,57488.22185,0
22691.69759,55738.45367,1
24062.19183,61353.258689999995,0
23478.74475,60746.94022999999,0
23076.89747,55963.772379999995,1
22975.60075,57712.464810000005,1
24279.24382,61933.94786,0
22862.08667,57927.72185,1
24754.00976,59173.41614,0
23282.72764,57138.6562,1
24218.65465,59141.87469,0
23363.79896,60692.67099,0
23281.98056,60717.308829999994,0
23900.89276,59600.31303,0
23973.42681,59029.655889999995,0
24020.250369999998,58904.1789,0
22598.4292,55444.254689999994,1
22608.6783,56231.92825,1
23881.00514,60541.141579999996,0
24046.848319999997,60791.80052999999,0
23182.1011,55944.34691,1
22788.85395,56535.65895,1
23988.357340000002,58176.298189999994,0
24402.82544,60089.42245,0
22568.954980000002,57302.14084,1
22198.62056,55316.5208,1
23308.17709,55317.43882,1
23895.15149,60464.5563,0
23302.89284,54203.515060000005,1
22343.643969999997,56275.08633,1
24009.464069999998,60418.303270000004,0
23842.70971,58700.979029999995,0
22355.42943,54600.90689,1
23374.22061,58469.76752,0
23274.88672,60593.598139999995,0
23991.510130000002,60432.70204,0
23125.74109,57308.955420000006,1
24327.04676,60488.64762999999,0
22375.07799,57270.83882999999,1
22097.36963,56298.282629999994,1
22598.041240000002,57208.354920000005,1
22486.818909999998,56360.596829999995,1
24328.36719,59947.0426,0
22804.846830000002,56948.08546,1
22217.25544,57595.06865,1
22758.54462,56986.6449,1
22441.042230000003,56449.098289999994,1
23760.68395,60835.145079999995,0
23680.32858,63455.71562,0
24404.0112,59631.951779999996,0
22558.9006,55108.79405,1
23061.09915,56368.63237000001,1
22564.24531,58448.60075,1
22960.93062,55833.264820000004,1
22375.75333,56753.750420000004,1
23242.59141,56260.98179,1
23302.72066,59995.06482000001,0
23815.73439,59069.961039999995,0
22743.265190000002,57534.59779,1
23428.35056,58194.879,1
24230.77177,56752.900610000004,0
22762.383680000003,55931.812029999994,1
22678.23193,54476.62624,1
23080.50603,57136.49653,1
23093.36508,54591.58953,1
24516.32863,59603.7217,0
22718.93729,56685.75184,1
22391.03286,56248.37711,1
22706.790409999998,54744.69839,1
23885.32246,61091.11644,0
22812.78462,56471.84405,1
23313.20774,54858.061879999994,1
23252.26926,54940.20645,1
22774.71368,56291.02661,1
22787.19194,52146.8284,1
23632.642030000003,59799.00207,0
24570.93059,57099.277870000005,0
22804.802480000002,55985.187060000004,1
22914.664119999998,56642.68848,1
23395.36013,59128.04971,0
22949.31968,55889.08827000001,1
24099.1483,59921.397229999995,0
22425.02993,57175.678,1
22789.65754,56416.54448,1
24279.46404,60762.93724,0
24532.204019999997,59174.10415,0
24022.50234,59844.18245,0
23027.71345,54969.74089,1
24416.44024,60554.36581,0
23842.2361,57862.96223,0
23317.010159999998,57144.56608,1
24489.50945,61119.94305,0
23603.01599,59788.27778,0
23033.94805,54909.764039999995,1
23274.53975,54951.24705,1
24837.05999,59633.8887,0
23842.0044,58057.06281,0
24067.214069999998,62469.73037999999,0
24121.603030000002,60559.15112,0
24039.953980000002,60042.647379999995,0
23407.84186,55458.931679999994,1
22866.22548,56962.732189999995,1
22727.192590000002,55926.97275,1
24175.654,59246.77005,0
23502.160480000002,59840.59636,0
22669.98734,55946.54509,1
22747.49241,57435.36456,1
24006.843230000002,62728.972879999994,0
22925.001659999998,56465.35439,1
22596.21443,57799.226839999996,1
23042.73307,57037.02387999999,1
23734.8794,61959.28009,0
24064.15119,61172.77892999999,0
22524.3979,55711.69297999999,1
22289.31621,54980.68912,1
22506.19989,57068.86395,1
22632.44494,58191.26621,1
23832.81203,59405.81916,0
24508.43009,58978.20612,0
24148.16514,58888.71984,0
24151.34313,60036.943289999996,0
23669.973719999998,61831.3983,0
23921.54421,60069.851689999996,0
24425.42932,58683.34304,0
24013.050580000003,61533.71432000001,0
22791.5488,55352.9889,1
23170.07942,55275.70841,1
22748.21947,57857.75286,1
24065.456169999998,62156.32147,0
23052.92384,56349.93055,1
23148.30011,56812.53872999999,1
24343.114380000003,60001.63401,0
24331.59788,60091.644889999996,0
23728.01969,57525.05077,0
22407.9787,55572.48925,1
23436.46095,59737.39879,0
22307.87646,55352.884439999994,1
23274.63435,56153.20628,1
24157.20565,59922.214089999994,0
23944.57439,62625.5409,0
23014.44821,56387.98055,1
22505.97425,57980.88545,1
23939.77595,57315.18962999999,0
22161.29879,55326.78545,1
23036.10354,57133.73089,1
23385.67123,54824.059129999994,1
22822.90694,57749.99192000001,1
22433.74671,55626.823110000005,1
24146.326,60721.38224,0
24145.21157,60438.61512,0
22599.24798,55498.53732,1
24179.167380000003,60308.93053,0
22092.582730000002,55711.09338,1
23974.453230000003,59920.13159,0
24344.618469999998,58885.59029,0
22517.04808,57337.0514,1
23604.98718,60582.31016,0
23385.15646,61402.66021,0
23830.67052,59418.324510000006,0
22596.9603,56751.32746,1
24620.97453,59869.17027,0
23282.29555,57253.28732999999,1
22671.1194,58904.347129999995,1
22809.188,56115.081560000006,1
23115.71379,60640.74013,0
22806.600469999998,55477.51624,1
22193.50349,58492.82345,1
23991.92892,62093.17449,0
24182.27068,61627.978820000004,0
23442.019669999998,56580.499710000004,1
22229.25032,57152.53632000001,1
23352.54279,56604.49382999999,1
23856.87866,60000.62229,0
22929.7376,55872.79522000001,1
23034.06895,55827.46269,1
22441.5563,54775.45225,1
22631.96054,55057.66677999999,1
23464.8073,55596.50881,1
22447.245,54956.195779999995,1
23173.40163,54477.775279999994,1
22965.13765,56426.89295,1
23582.5547,60562.30301,0
21576.03588,53853.4577,1
23703.8488,59701.33686,0
23700.95043,59654.37974,0
24572.7024,61309.313129999995,0
22927.84721,55369.62079,1
24528.643180000003,59750.016879999996,0
23931.72248,60067.818739999995,0
24495.436130000002,55705.1545,0
24252.81953,58582.37457000001,0
24561.75011,60221.42931,0
23008.77401,55333.134770000004,1
23734.444330000002,60289.38714,0
24242.20494,58965.228989999996,0
22578.59721,54880.28672999999,1
22348.920019999998,56294.7067,1
24251.97248,59091.30727999999,0
22710.125640000002,55132.565279999995,1
23086.733819999998,54755.65652999999,1
23003.95982,57455.07372000001,1
24403.71599,59463.70332000001,0
23334.26556,56257.74652000001,1
23705.16435,59471.358870000004,0
24545.00334,60783.85457999999,0
23701.82662,61140.98651,0
22556.71441,54339.977660000004,1
23288.04015,56117.475860000006,1
23548.1007,56937.252089999994,1
22354.837480000002,55684.53853,1
23756.07777,59493.19582000001,0
23048.432569999997,55675.505189999996,1
22973.95936,53969.64724,1
24109.420830000003,59661.07102999999,0
22776.12869,55834.24927000001,1
24074.42548,61923.009620000004,0
23803.80357,60587.12194,0
23998.95382,59637.86892000001,0
23950.15059,54209.76123,1
22795.99634,56960.99729,1
23098.4018,56049.30409,1
24385.94172,58826.292989999994,0
22694.70661,55992.11606,1
24012.70889,61241.292120000006,0
22927.83616,56657.906910000005,1
23883.481069999998,58558.20348,0
22610.89526,55656.02167,1
23996.1825,59496.7951,0
22981.91615,55698.86195,1
22078.42448,56812.98451,1
24182.00903,59836.05907999999,0
23690.74985,61962.71647000001,0
24112.510169999998,60616.175839999996,0
23817.9036,61079.393789999995,0
23686.9881,61522.761620000005,0
24389.01616,58721.77372999999,0
23503.54118,60429.835,0
22900.69206,56409.029610000005,1
22888.532619999998,58242.27044,1
23034.16185,56209.62926,1
22819.83871,56522.950820000005,1
23691.70604,59005.83234,0
23806.56324,60268.15392999999,0
23465.13871,59791.0907,0
23280.8129,55646.771329999996,1
23814.93934,57553.31077999999,0
24233.67444,59715.9905,0
22746.87481,55679.162260000005,1
22927.73101,54532.311120000006,1
22635.98737,56677.41142999999,1
22578.709909999998,55357.074689999994,1
23939.986419999997,61820.1869,0
23539.11362,58562.60795,0
23359.30041,58859.99509,0
23897.41371,59336.321879999996,0
24168.79076,61475.11618,0
22684.0482,56769.92913,1
22457.28804,57492.143489999995,1
23054.03914,55379.094529999995,1
22831.61044,53755.51657000001,1
22469.11669,56008.75476,1
23902.99376,57052.35321,1
24698.2401,60732.076720000005,0
22712.44255,53379.33427,1
23272.89414,53976.600029999994,1
24056.9934,61003.20149,0
23431.13245,61703.44153,0
23795.0511,59323.161629999995,0
24046.92319,59836.85879,0
24506.63719,59548.30092,0
22618.47497,56943.71877000001,1
23497.41027,58116.44082,0
22086.81942,53579.95164,1
24046.98555,59783.31437000001,0
24296.67034,59588.79554,0
22245.34589,55966.45864,1
25093.895819999998,57812.89306,0
23944.06871,59868.70688,0
23149.19756,60061.881460000004,0
24550.716959999998,60740.00291,0
23022.15672,55150.41655,1
22972.746369999997,54724.30941,1
24251.59989,59341.18867,0
22729.67785,56412.21367999999,1
23320.96454,55677.7273,1
24185.19481,59132.75682,0
23056.38243,55177.29911,1
22704.4734,55835.434579999994,1
23206.269809999998,54787.88103,1
22995.304959999998,59770.338229999994,0
23876.43451,57458.47017000001,0
24052.78447,60361.664189999996,0
22786.0813,55713.31422000001,1
22942.405130000003,56289.18306,1
23165.49987,59541.30041,0
22507.99208,52788.538239999994,1
22730.56263,55919.21527000001,1
22220.94934,58159.66153,1
22497.4198,57139.22994,1
22779.45329,57370.44696,1
24265.3548,58317.315729999995,0
23103.973140000002,54917.9627,1
22444.32507,56790.14479,1
23282.93545,54881.807239999995,1
23053.90366,56034.176770000005,1
23840.59047,59608.1783,0
23787.47195,58311.657210000005,0
24909.171140000002,59285.67718,0
23049.15348,56146.51075,1
22552.963509999998,55315.477620000005,1
22798.698790000002,54670.45035,1
23985.96344,59555.87367000001,0
23791.3808,61039.54085,0
23764.262769999998,60540.36664,0
22825.65273,57189.329170000005,1
23673.64292,60037.60204,0
22553.28738,56971.060139999994,1
22797.46231,54053.849129999995,1
22800.28729,57117.34122,1
24321.4585,59817.254629999996,0
22767.646930000003,56411.57084,1
23849.68473,60193.981889999995,0
24535.06753,60892.15311,0
24217.27866,59516.469079999995,0
22202.3722,55150.26451,1
22984.82232,55412.96945,1
24223.73247,59027.05251,0
23898.802000000003,61011.014670000004,0
22907.26945,56406.9841,1
24491.71328,58233.29237999999,0
23902.06463,60848.79324,0
23056.22264,55581.84639,1
22498.8226,55835.770710000004,1
24401.052819999997,58345.74664,0
23765.993130000003,60288.48048,0
22743.03415,56960.634529999996,1
22008.33237,54752.14226,1
22686.85904,55559.61701,1
23293.9889,56779.88879,1
22584.52363,58059.53283,1
23785.709590000002,60339.7027,0
23920.75061,58663.525760000004,0
24397.689159999998,60005.54316,0
24721.77757,58423.94436,0
22730.095980000002,55318.53005,1
22263.32473,55452.48364,1
24074.71737,60736.03157000001,0
23207.134869999998,57005.159320000006,1
23646.9969,59311.70315,0
23323.79926,59033.31457,0
23556.72911,59614.98266,0
22652.89645,55768.3484,1
24187.92055,60280.12625,0
23890.093409999998,59603.98699,0
24424.45607,60654.48228,0
23921.19802,59674.92195,0
22363.64005,56051.88737999999,1
24084.353059999998,58927.862010000004,0
22420.12499,55939.048579999995,1
22399.540780000003,54650.964589999996,1
24153.10026,60009.07619,0
22281.23646,54341.0514,1
23187.753090000002,58193.271239999995,0
24328.060690000002,62318.21913,0
24549.280619999998,58445.96716,0
24157.180630000003,61973.87979,0
23920.200090000002,60393.9531,0
23226.482780000002,56068.49196,1
22982.73387,57195.49439,1
23147.48966,60671.95805,0
22402.41788,58367.07117,1
24393.84463,61920.434129999994,0
24013.571069999998,58198.84752999999,0
23443.05343,54388.583470000005,1
24026.70199,59422.33719,0
22143.67071,56239.64038,1
23413.77083,58702.0,0
22743.497730000003,55424.920029999994,1
22644.08724,57390.3776,1
22427.131559999998,55090.30787999999,1
23810.522230000002,58841.93555,0
24252.77181,58343.720389999995,0
22534.24271,57129.39762,1
23995.511580000002,60626.373589999996,0
22277.13208,56614.73107,1
23325.34479,54467.49245,1
22633.84216,55935.894739999996,1
22426.45443,54303.13009,1
22479.56993,54263.669310000005,1
22940.20307,57472.49085,1
23806.51953,60147.27303,0
22894.54454,55614.87485,1
23118.1908,56158.14157000001,1
23757.207140000002,60498.9131,0
23767.3648,58391.69134,0
24499.97001,59881.65829,0
22821.212819999997,56282.01424,1
22176.365869999998,58221.62696,1
24516.1443,60930.53687999999,0
23255.10135,59274.425910000005,0
22494.35314,55574.640439999996,1
23765.14933,62064.65678,0
23158.64551,55954.90014,1
22300.40749,53438.3781,1
22106.87197,54933.364779999996,1
23525.87858,55958.23109,1
23808.54426,61739.529010000006,0
23199.349009999998,55148.71829,1
22971.92947,55154.44602,1
24379.73334,60057.71485,0
23765.77742,58912.71536,0
23212.895669999998,61809.48625,0
24669.31393,62293.6123,0
22869.61064,56999.66944,1
23591.23845,59741.27375,0
23717.350140000002,57460.17286,0
24389.1486,57365.75362,0
23068.25264,57761.667120000006,1
24951.5356,60710.33109,0
23102.77983,56331.25636,1
23516.16069,61808.5071,0
22950.07138,57147.4108,1
24247.75958,61245.51482999999,0
24105.51165,60899.752089999994,0
23009.84648,54644.26212000001,1
23463.060680000002,57071.579860000005,1
22687.98656,56441.109639999995,1
23220.86685,55898.61787,1
23278.552030000003,55876.26659,1
23276.679,55141.46705,1
23130.81261,54966.5635,1
22649.95455,56465.229360000005,1
22747.74999,56904.002720000004,1
23944.73351,60353.43467,0
22885.38032,55424.61086,1
23143.79638,55281.13396,1
22961.38004,56616.97497,1
22932.03011,55211.167760000004,1
23873.7055,60567.44676,0
23434.36156,56627.918139999994,1
23008.383530000003,55526.52522,1
22863.69561,57034.63242,1
24552.56931,61655.12185,0
22997.9189,53613.73177,1
23898.87735,60079.61169,0
23804.74831,61125.96431,0
23122.21707,54125.21569,1
23421.34565,57507.18418,1
22766.87801,57436.97142,1
22523.00617,56748.62749,1
24092.52711,58732.33659,0
23386.99497,61987.92885,0
23463.333169999998,57807.9592,0
22542.75939,56070.83618,1
23376.2475,61343.862720000005,0
24111.01408,57911.29047000001,0
23296.95802,57279.82317999999,1
22735.046469999997,55995.249729999996,1
24079.79694,59204.66783,0
23033.338519999998,55843.37194,1
24854.22192,60584.33187,0
23382.16421,55151.05527999999,1
23848.26285,59833.30299,0
23064.78971,56603.01794,1
23719.585219999997,58350.34632999999,0
23862.89946,59621.584820000004,0
23145.47821,57570.99336,1
22838.05946,55783.372339999994,1
23525.225309999998,59924.26182000001,0
23794.178180000003,60249.22281,0
23872.79558,58485.41016,0
23930.92684,62391.4951,0
23276.984940000002,58198.99957000001,1
23713.75732,60844.892270000004,0
24380.9079,59636.48646,0
22681.77614,54836.609370000006,1
23576.13105,60757.53928,0
24467.887430000002,59544.38909,0
22587.44369,56481.93942,1
24360.88541,58483.32053,0
22546.8671,57699.607729999996,1
22900.63195,56723.7523,1
23925.166719999997,57791.56371,0
23444.53877,56707.79625,1
22386.75258,56321.287529999994,1
23057.03945,56487.78156,1
22191.34762,55564.0834,1
22922.0705,60850.830429999995,0
24178.86165,58876.532320000006,0
22544.05833,55978.850329999994,1
24180.18026,61385.4051,0
22449.32561,56681.82127000001,1
22901.645959999998,56118.17539,1
22336.4744,55301.380560000005,1
24191.6859,58707.97785,0
23010.83561,57115.99656,1
23954.01581,60167.37212000001,0
24335.80662,58804.011179999994,0
23180.138619999998,54202.0072,1
24457.66188,58773.57894,0
24275.96602,58858.012429999995,0
23827.46283,58466.42897000001,0
23234.345559999998,56774.78257999999,1
22251.41855,55677.051510000005,1
23161.772119999998,55292.62877,1
23779.92753,58282.92324,0
23119.46556,55621.84948,1
23031.958769999997,54298.45864,1
23811.43994,59994.706079999996,0
23635.57943,58625.89662000001,0
24493.25443,57601.831470000005,0
23919.01222,59343.85545,0
24356.89911,62275.96101,0
22932.86134,56007.54221,1
22310.33824,56142.824160000004,1
23712.47519,58818.81785,0
22786.36527,54799.13826,1
24580.49764,59741.337479999995,0
24195.43207,60439.247260000004,0
23199.233119999997,56737.7142,1
23101.149859999998,56649.05185,1
23365.24748,61511.14079,0
22721.12395,54577.95385,1
23911.35442,60476.986789999995,0
22624.35884,57500.545939999996,1
22962.82356,55999.964779999995,1
24186.723319999997,61152.8196,0
23836.058390000002,59213.6001,0
24366.2681,60226.85348,0
23582.61399,59464.87372999999,0
22304.42831,56231.776260000006,1
23013.782740000002,56236.81899,1
22756.57415,57224.766970000004,1
22968.957130000003,54696.99936,1
23543.4314,57265.663889999996,1
23740.26445,59506.792579999994,0
24419.67781,61135.17118,0
24959.748359999998,59457.916560000005,0
24074.082919999997,58825.06547,0
22928.219930000003,56019.491870000005,1
21830.93,56477.82626,1
24279.69775,60231.24921,0
24015.64434,57102.312170000005,0
24422.9897,58950.38907999999,0
22261.1437,53285.47895,1
23474.23373,58844.97297,0
23893.51859,60917.18545,0
23755.56994,58970.67362,0
23026.374630000002,55086.16834,1
24299.51202,60071.07133,0
23409.66185,57306.49207000001,1
22549.58536,56355.61897,1
24094.61388,56983.18434,0
22950.16304,54809.80647999999,1
23623.38715,57123.14408,1
22727.19954,57305.795739999994,1
23143.252269999997,56232.911360000006,1
23271.217669999998,56117.34032,1
23894.0717,60096.72115,0
22049.01551,54090.48802999999,1
24170.49142,58518.61215,0
24685.19632,60499.415539999995,0
22132.28001,56928.36116,1
24197.04261,58702.645110000005,0
24024.3294,59741.261139999995,0
22530.1186,55404.293789999996,1
23125.988540000002,55685.30987999999,1
24174.89228,60186.36268,0
22608.205,56662.69316,1
23509.8738,58541.213110000004,0
23234.12458,55583.17102,1
23394.241319999997,59769.08515,0
22757.90222,56075.454439999994,1
23185.839809999998,60089.87081,0
23112.01728,56721.79742,1
21684.22795,54913.3858,1
22554.65962,57411.41816,1
22998.028280000002,55757.38126,1
22589.455469999997,55216.259170000005,1
23489.30861,60382.19699,0
22683.95734,55778.34876,1
23723.71086,59015.442729999995,0
23010.96688,54703.699889999996,1
22378.97848,54067.481139999996,1
23088.89042,55824.802229999994,1
23355.842119999998,58990.98981,0
23188.22669,57342.01093,1
23107.20137,54014.65146,1
22464.0764,55920.307960000006,1
23746.841330000003,59266.03989,0
24073.03246,59615.197439999996,0
24774.72506,56664.338370000005,0
22678.536369999998,56023.98045,1
24159.0342,59630.13749,0
24007.95811,54207.02336,1
22995.38882,56967.473739999994,1
24192.949080000002,62884.58275,0
22078.513069999997,57593.40495,1
22621.44602,56965.262039999994,1
24093.24883,60854.923520000004,0
23378.357809999998,58880.92364,0
24785.23162,58840.590679999994,0
23603.20324,59035.710960000004,0
22291.24529,58185.97426,1
23057.35284,54233.22625,1
23331.65681,55762.36916,1
24071.02662,59414.34605,0
23081.45797,53692.6106,1
24309.58284,59929.88906,0
23366.69167,56085.7756,1
23606.30718,59755.63563,0
22598.291269999998,57224.06966,1
24485.25392,58627.23787999999,0
23015.06551,56020.235539999994,1
22823.25347,53285.534439999996,1
24528.1928,58565.865529999995,0
23828.21847,61846.00056,0
23697.09663,62659.62941,0
24401.02366,59096.65157,0
23728.1077,59032.1739,0
22322.81388,56775.946639999995,1
23352.75525,54962.13517,1
23226.21936,60518.203760000004,0
24216.649980000002,60446.33436,0
22582.669159999998,56575.855670000004,1
22828.27291,57449.888170000006,1
23603.33698,61085.77952999999,0
24109.04252,60997.57327000001,0
22155.25617,56129.57332,1
24131.24856,59984.3299,0
22330.2129,55587.676029999995,1
22750.22849,56291.37689,1
23943.45203,59035.89557000001,0
22681.52261,56813.289970000005,1
24080.910030000003,59996.020189999996,0
24324.44478,59955.02412,0
24287.52485,57657.55221,0
22150.7764,56039.036620000006,1
23617.251669999998,55416.375629999995,1
22403.380869999997,56037.43344,1
23936.395630000003,59656.35654,0
24056.86775,60187.64148,0
22682.52765,54669.29444,1
21658.21756,54330.87385,1
22536.735090000002,53894.714420000004,1
23133.52055,53669.85073,1
22776.37343,57183.312789999996,1
24390.9339,58762.633610000004,0
22096.47418,58166.01388,1
23557.8181,56285.50907000001,1
23647.84162,61719.10961,0
23790.95908,62155.46227999999,0
22665.94065,56011.3043,1
23062.15209,55513.66847999999,1
23617.81557,59294.4912,0
23747.10728,60985.459070000004,0
23459.947180000003,61912.97757,0
23055.534,57460.045289999995,1
22401.39428,55981.06481,1
22207.51485,56934.31119,1
22636.42379,55605.70637000001,1
23599.57695,56793.191479999994,1
22520.87729,55243.80892,1
22751.112240000002,55520.997339999994,1
23327.9088,56232.89762999999,1
24269.25141,59659.321520000005,0
22936.59183,55885.44571,1
23921.11845,58764.69672000001,0
23221.89174,57937.93492000001,1
22226.10919,56860.35472,1
24681.85856,59095.365679999995,0
22331.77644,57493.92385,1
23622.89158,58457.6711,0
22485.69762,56155.82216,1
23795.454009999998,60823.30735,0
24175.58391,59563.52341,0
23128.39545,57380.747339999994,1
23763.011459999998,59406.26614,0
23986.61648,60935.72953,0
24523.717269999997,60287.438429999995,0
23272.12619,52252.86053,1
22402.38995,55087.588260000004,1
25106.407000000003,61438.17887999999,0
22559.584890000002,53968.56288,1
24396.765030000002,59649.54665,0
24221.91141,61816.60555,0
23390.2638,61088.78397999999,0
22967.53096,55737.26335,1
23893.9919,59731.745689999996,0
24554.096980000002,59969.14975,0
24469.85832,59515.803320000006,0
23949.32054,59003.099839999995,0
23441.8681,54742.681789999995,1
22500.37215,56869.363379999995,1
22818.24062,55944.96791,1
22833.54033,54842.52628,1
22688.58233,57582.023629999996,1
22980.28743,54974.620129999996,1
24099.963030000003,60590.602329999994,0
23913.57721,59573.96653,0
22592.21556,52728.711460000006,1
23346.36871,59755.631689999995,0
22883.6265,56307.68038,1
24576.604030000002,59728.596679999995,0
22168.9651,56281.189179999994,1
22649.00711,56935.728489999994,1
24270.667569999998,62092.93376,0
24697.52434,61076.26006,0
23858.95985,59364.5832,0
23489.66661,58834.43566,0
23628.21807,61089.6714,0
23051.90169,56462.427189999995,1
24459.157030000002,61173.40824,0
23551.55187,61321.248210000005,0
23305.3933,56957.70141,1
24628.64948,58628.94264,0
22633.79109,56310.51202,1
22917.13672,57576.57004,1
23706.26683,57539.385879999994,1
23419.9504,60607.21932999999,0
24083.12015,59749.69985,0
24360.96338,59941.323070000006,0
23900.84618,60341.53106,0
24668.82733,61198.18388,0
22627.58735,53871.1913,1
24164.3535,59030.0406,0
22381.45035,55333.87541,1
23089.4803,60347.93006,0
22660.33386,56427.396929999995,1
23774.42825,59409.9744,0
23768.88548,60259.120820000004,0
24128.23005,62376.53197999999,0
24078.34585,61024.00365,0
22882.11407,55949.9839,1
22347.43957,58234.974279999995,1
22349.13634,55407.82,1
22987.22811,55792.065160000006,1
24052.05506,57143.74084,1
23037.07806,55814.90885,1
24313.16283,58849.050729999995,0
23340.95082,58362.73446,1
23772.73353,61397.336879999995,0
23000.237830000002,56746.59028,1
22578.313990000002,55143.972839999995,1
23659.713340000002,60313.99552999999,0
23530.54654,57986.287220000006,0
23382.832290000002,56120.05146,1
22419.940619999998,56062.906160000006,1
23969.25341,60668.04437999999,0
23237.21123,56753.391070000005,1
24239.89172,60796.975529999996,0
22511.30045,55750.362010000004,1
22789.348469999997,54853.14889,1
22612.830169999997,56251.97546,1
23213.4355,57199.16021,1
22664.899680000002,56901.54316,1
23082.10891,57137.77935,1
23849.73567,61533.77084,0
22251.82157,55874.03817000001,1
22531.488240000002,56121.6581,1
24485.84189,60773.75987,0
22529.99209,57963.53966,1
25042.659369999998,60191.30515,0
22862.35777,55507.93076,1
24071.89707,60204.34851,0
24651.54363,60267.43497,0
22451.62631,58293.590070000006,1
22838.37127,56519.38344,1
22238.095559999998,56042.6706,1
24193.8796,58749.94609,0
23739.10596,59142.72169,0
23749.06611,59666.35415,0
22802.726130000003,55456.44409,1
23661.657769999998,58111.73112999999,0
24350.46026,60672.90337000001,0
23596.045309999998,60725.63815,0
24475.50706,60374.5346,0
23001.44193,58456.23025,1
23833.23341,59195.5306,0
23431.801219999998,57053.625,1
22760.76905,56774.45952999999,1
24094.25849,62148.44832999999,0
22701.73042,56416.696579999996,1
24264.0993,59757.46683,0
23784.43865,61854.51244,0
24719.732480000002,60278.50486,0
24462.403580000002,58943.1754,0
23008.276319999997,55331.58605,1
22666.31665,57272.727329999994,1
23127.321519999998,56397.35469,1
24199.57257,60756.240320000004,0
23270.809419999998,54074.649110000006,1
23836.59291,56472.12994,0
24105.11864,60576.44368,0
22641.052519999997,56248.58899,1
24564.65133,59950.89225,0
22600.80084,56210.51725,1
22628.99066,55128.18513,1
23055.0745,53353.10848,1
22814.34637,55467.693210000005,1
23689.6167,58707.85026,0
24058.976430000002,61085.47065,0
23740.30894,60505.59895,0
22701.47716,56447.52398,1
23483.82314,59226.14197999999,0
23227.1302,55992.71453,1
22340.31372,55958.793860000005,1
23653.14893,55217.56804,1
22791.87772,56351.449870000004,1
22447.26287,57622.906820000004,1
23312.73083,57009.39329,1
24654.521780000003,62925.360929999995,0
24676.71342,60806.29283,0
23016.09515,55306.279039999994,1
23360.268119999997,58438.82588,0
23443.44784,60072.75909,0
22754.38205,55825.04192,1
23673.85524,60232.83137000001,0
22563.54434,57684.119660000004,1
23391.46592,60896.97969,0
24294.60466,60847.78124,0
23850.79703,59579.00596,0
23239.98486,58343.7136,1
22676.56752,56911.36,1
23492.444369999997,60163.89393,0
22689.99238,57995.67182,1
22401.26777,55979.20077999999,1
24022.12109,63122.46754,0
24341.33363,59016.19661,0
24204.691890000002,59043.413479999996,0
24478.80591,61315.84013,0
24278.4976,58980.39087999999,0
23728.99768,59231.95401,0
24678.16399,59986.780999999995,0
24002.8934,60144.27167,0
22669.31494,56291.3155,1
22641.66185,55867.40602,1
22689.929119999997,55698.263629999994,1
24011.3937,58526.50151,0
23527.49112,59207.30602,0
22810.11032,54735.996589999995,1
23609.07142,57457.34209,1
24048.57942,58540.19639,0
23346.15033,58229.09624,1
23941.31694,59574.1143,0
23577.221690000002,55028.029520000004,1
22301.27864,56539.99775,1
23904.82056,58424.165179999996,0
23638.32473,55672.66905,1
23080.5233,55521.288120000005,1
23828.17683,60900.58987,0
23869.9696,61149.33579,0
24085.60476,58279.637310000006,0
22725.43581,57111.737129999994,1
23545.3164,61135.16964,0
23836.99489,59519.58854,0
23576.68618,57595.657320000006,0
23656.4103,61982.9364,0
23109.41993,56205.43196,1
22033.161509999998,54784.26135,1
24750.33519,61708.32102,0
23107.517640000002,55218.357379999994,1
23300.16009,56356.45495,1
24038.46521,57916.42793,0
23328.61525,60098.325379999995,0
22898.14274,56275.002539999994,1
23249.20742,56344.50651,1
22384.31911,53126.05237,1
22950.0288,55929.103729999995,1
24084.064130000002,60743.20763,0
21975.62505,56137.66517000001,1
22694.9185,57111.461520000004,1
22798.192219999997,56294.31887,1
24099.9968,61899.24349,0
23958.90278,61047.41322,0
23502.19103,62069.80802999999,0
21883.61544,55872.443739999995,1
23984.807090000002,60519.7512,0
22582.470240000002,56256.12905,1
23950.51625,60104.53547,0
23360.000669999998,56124.10081,1
23210.710909999998,57761.67296,1
24281.33394,60858.10364,0
24348.73341,60564.5456,0
23091.06104,54672.52387999999,1
23494.52214,61617.690839999996,0
24169.31535,60601.904239999996,0
22773.67084,55156.982220000005,1
22521.73373,55397.43105,1
23648.23085,59772.41427000001,0
22736.390880000003,55347.32332,1
22395.64475,55745.18851,1
22655.8826,55517.838260000004,1
24191.697,60591.35955,0
23541.16292,63028.95214,0
22809.91839,57017.466010000004,1
24345.41012,60616.49057,0
23677.51316,59994.47217000001,0
22631.8827,54910.20306,1
22478.06957,56172.683229999995,1
23544.51092,61471.33143,0
23092.32698,56628.48416,1
22754.163630000003,56638.69806,1
24306.38113,59371.23327999999,0
24002.67384,59163.11632000001,0
22996.525230000003,55100.24279,1
23443.37394,55053.3798,1
22039.83208,56795.3361,1
24473.43562,60073.916860000005,0
24744.37512,59874.07981,0
23186.304,55846.5598,1
23760.36263,58930.40784,0
23153.97043,58106.62775,1
22550.2888,55633.65102999999,1
23021.6362,56527.09613,1
22802.06419,56180.47104,1
22830.86895,54434.55472000001,1
22137.184390000002,56765.175820000004,1
24655.09476,60421.472570000005,0
23831.285030000003,60540.77896,0
24422.917390000002,58728.90952000001,0
24147.17747,60821.836839999996,0
23780.84214,61569.18095,0
22958.011619999997,56570.760729999995,1
24011.58641,59440.73846,0
23163.769480000003,55708.82803,1
24415.3379,57645.78572000001,0
23053.22082,56177.56725,1
23650.124480000002,60282.22147999999,0
23011.38742,57156.503070000006,1
24323.38176,60781.11276,0
22655.28751,55733.33647,1
23857.52824,59930.163179999996,0
21672.91745,57019.911570000004,1
23903.68389,59269.19052999999,0
23977.297980000003,60015.45104,0
23752.576680000002,62971.091779999995,0
24326.22594,59579.40191,0
24237.234640000002,58691.53758,0
23929.74754,61760.25391,0
22418.02352,56471.423279999995,1
22944.04549,52620.13978,1
23237.09022,57085.99264,1
22681.45031,53774.28012,1
23124.37861,56018.313870000005,1
22993.24896,58931.939860000006,1
23615.98035,60371.268710000004,0
23271.77218,56796.34391,1
22339.15835,55364.35424,1
24310.8507,60382.0385,0
22331.6767,54823.087120000004,1
24320.0749,59577.51666,0
23470.384140000002,56986.546239999996,1
24236.77919,59892.23454,0
24279.395819999998,59130.6391,0
22690.693069999998,55867.2808,1
22200.400719999998,56118.96992,1
23286.36925,60037.75595,0
23607.43881,60118.38657,0
23617.19167,60270.35548,0
24130.61878,59979.801020000006,0
23628.82952,58827.11032000001,0
24102.12744,60127.76067,0
23182.34474,55406.78272999999,1
23987.95574,59158.53024,0
23699.86077,59693.9475,0
22273.396080000002,54759.00614,1
21673.36776,54745.74631,1
23558.62184,59858.968960000006,0
23716.56525,62178.218629999996,0
23074.91115,55054.96487999999,1
22468.38097,57130.07546,1
23918.76005,59209.06793,0
23431.105359999998,60707.17064,0
23132.94853,55271.76439,1
24496.86366,59973.24555,0
23792.82552,59669.49035,0
23932.67279,59594.404839999996,0
22739.99519,56160.45519,1
23491.97865,60320.85676,0
23220.69624,55049.016879999996,1
22962.921130000002,56573.053439999996,1
22034.582430000002,56898.41796,1
24200.696659999998,60124.321039999995,0
22858.84976,56096.96008,1
22969.028459999998,56803.14215,1
22626.83408,56543.80384,1
23884.631680000002,61295.667839999995,0
22790.31708,56245.40452999999,1
24326.0791,60611.100470000005,0
23015.02249,54956.08214,1
24246.99104,61449.8936,0
24297.05795,59564.8151,0
22728.27903,58920.3451,1
24393.93013,61040.33867999999,0
22287.902140000002,57006.716779999995,1
24080.42058,60682.97821,0
22600.304780000002,55809.90649,1
23313.00122,57469.96467,0
23307.65828,58563.23771,0
22771.93013,56002.4349,1
22808.62962,56899.61106,1
22737.928219999998,55953.96393,1
22907.78181,58188.45461,1
23803.697330000003,59078.21227999999,0
22921.99261,54979.06217999999,1
22114.86434,56921.74589,1
24148.64928,58641.84949,0
22269.33987,55546.61802,1
23669.78575,60725.191960000004,0
22388.75661,55634.24246,1
22719.036819999998,54266.890589999995,1
23505.89584,55021.80054,1
23762.13255,60179.880410000005,0
22532.429969999997,57724.93025,1
23251.98273,59931.01244,0
24468.65108,60425.974220000004,0
22264.64689,57797.022189999996,1
22999.24282,55491.36177999999,1
23233.10641,54508.845870000005,1
22541.534519999997,55817.9106,1
23514.21355,60449.22627000001,0
24606.78824,59376.0643,0
23556.36719,61073.58158,0
21229.89569,56589.50542,1
22134.25241,56808.0945,1
22462.9659,55474.67915,1
23825.53441,60456.235420000005,0
23945.11309,59686.87026,0
23797.22164,58323.896029999996,0
23612.346019999997,60624.09391,0
24698.21083,60018.691829999996,0
23531.29615,59653.322,0
23502.86934,59850.8373,0
23344.03826,60315.31756,0
23207.17624,57303.165629999996,1
24467.586890000002,59403.925579999996,0
22827.592269999997,54497.72771,1
24092.71565,58462.44002,0
22721.06235,54625.14683,1
24266.853430000003,61461.14999,0
22822.145669999998,54897.52126,1
24515.09834,61566.622110000004,0
22441.26318,57431.0932,1
22865.88802,55816.12416,1
24301.00529,58897.392779999995,0
24661.76539,61532.09191,0
22672.500480000002,54337.3136,1
23481.75959,55584.07113,1
22955.50751,55839.31024,1
23706.05894,57589.69281,0
23735.360630000003,62795.86184,0
23803.14587,60116.7076,0
22470.35114,56497.08585,1
23340.9873,60589.44564,0
23201.50905,56136.22969,1
24038.558390000002,60054.81793,0
23264.68796,55524.745870000006,1
24367.49174,61534.71179,0
24024.13752,58854.399639999996,0
23369.11899,54496.09751,1
23122.35015,56589.448039999996,1
22787.37756,57115.39239,1
25017.16796,61183.72543,0
23401.54955,59691.95503,0
23669.6263,61105.73227000001,0
24126.0416,60437.60091,0
23320.504240000002,60485.28045,0
23792.51925,61920.80451,0
23919.43711,58171.52027000001,0
23161.34611,59546.3858,0
24527.15621,59904.160639999995,0
24533.7183,57594.87539,0
24641.41284,61326.03091,0
22721.23097,55544.27974,1
22965.34217,52371.43479,1
23976.33771,58682.273160000004,0
22817.87813,58591.100889999994,1
22124.063290000002,57705.23859,1
22712.23916,56252.54541,1
23017.55537,54978.7619,1
22904.609269999997,56910.10467000001,1
24216.37598,59584.51985,0
22579.8525,56899.43204,1
23956.063990000002,60180.18785,0
23037.79147,61671.88043,0
22651.11656,56471.60939,1
24352.76412,61416.368839999996,0
22326.76625,58249.92969,1
24263.37553,61420.45854,0
23917.07759,57835.803029999995,0
23910.492459999998,60008.913739999996,0
22841.71799,55316.11811,1
24366.85175,58472.78487999999,0
23971.1372,58024.11437999999,0
24223.51798,58523.987810000006,0
23280.25095,56250.52564,1
23580.11074,55626.6529,1
24442.51049,58594.399939999996,0
24408.06291,61942.51987999999,0
22636.55985,56864.51125,1
22208.82309,55900.22151,1
23319.37236,56302.872910000006,1
23418.11581,59197.74925,0
24341.4669,61213.29434,0
23074.02597,55890.5455,1
24697.22554,59557.012,0
22907.38508,55111.37994,1
23951.4541,61814.79882999999,0
22540.818369999997,55621.11934,1
22868.61537,54992.365379999996,1
22620.47894,54509.484220000006,1
24525.12005,62113.11741,0
23354.91571,60289.7463,0
22894.04664,54445.049170000006,1
24465.44646,61163.85497000001,0
23471.32784,56685.4454,1
23704.69656,59399.09636,0
23847.46356,59252.48228,0
23945.54203,59629.05983,0
24024.09345,60541.647520000006,0
24479.66387,61963.018260000004,0
22012.86202,57665.957239999996,1
24583.03443,58322.27643,0
22968.90089,55681.97202000001,1
23904.789940000002,58474.1704,0
24610.92816,60172.16526,0
24203.44248,59326.243070000004,0
22467.413480000003,54875.038329999996,1
23091.82288,55087.05635,1
22819.03898,55327.32881,1
22563.27696,53643.417389999995,1
24544.13995,60839.18064,0
22375.94186,54972.34645,1
22961.96565,57331.85943,1
22364.64645,57208.37412000001,1
23464.8604,59822.262689999996,0
22863.06075,55980.54452999999,1
22805.04322,55950.54677000001,1
23788.124490000002,61791.77635,0
22242.59143,54044.122339999994,1
22598.305819999998,55173.7137,1
23295.9861,57188.0534,1
24047.19195,60730.672439999995,0
22016.00852,56351.78456,1
23751.34118,60709.16391,0
23285.25516,60663.21387000001,0
22673.01231,55892.96412999999,1
23381.07245,57847.019420000004,0
24248.07894,60183.459839999996,0
23897.90045,60115.88669,0
22595.386280000002,56253.51737,1
22693.93463,56396.25607999999,1
22666.93174,57497.59661,1
22905.4774,58156.04357,1
22692.02053,57226.693060000005,1
23686.34759,59887.79525,0
22440.00089,56414.224129999995,1
24479.52838,59023.61741,0
23075.72075,58645.79115,1
22662.5444,57234.35548,1
24082.1499,58695.298010000006,0
23891.1857,55597.999529999994,1
22336.426359999998,53647.05481,1
23785.88251,57835.75131,0
23720.65712,59594.854029999995,0
23622.10686,61088.603310000006,0
23179.41329,60048.43851,0
23485.42805,56418.75181,1
23266.06538,55740.68667,1
23065.8888,56448.16718,1
22875.6677,57046.96397999999,1
23545.26211,58678.71554,1
22906.89695,56370.50249,1
22852.08531,54609.986260000005,1
22665.824669999998,58975.56317,1
24369.25721,60057.26695,0
23521.53931,60519.499429999996,0
24163.78931,58876.618610000005,0
23305.730340000002,57124.59231,1
24751.596530000003,59798.43011,0
24056.77625,58524.155779999994,0
24316.19861,57722.331320000005,0
23073.51815,56502.05281,1
22733.87423,56476.401679999995,1
22962.34605,55831.81661,1
21684.81305,55491.02362000001,1
24323.74394,59774.73021,0
23487.09765,60761.248960000004,0
24394.1565,59355.044689999995,0
22869.76414,57587.49771,1
23354.56966,55818.741279999995,1
22294.02815,56061.496020000006,1
23989.9717,60395.49106,0
22597.1206,55224.64894,1
23632.20477,55658.969229999995,1
22798.5117,55790.00438,1
23865.65058,59442.75014,0
23987.20445,59108.52997999999,0
24249.59128,60205.840079999994,0
22614.557819999998,56597.759210000004,1
23780.89936,61384.68086,0
24152.1636,58511.80375,0
23597.00743,58924.2325,0
24154.43845,60322.74152,0
22882.70921,55371.75317999999,1
22691.13525,57080.38087000001,1
22451.80997,58414.6608,1
24164.786790000002,59598.540720000005,0
23642.75131,54876.4747,1
23604.26366,62530.0102,0
23686.90273,58126.519089999994,0
24144.37862,59253.338370000005,0
22929.40514,58329.6237,1
24140.80619,60491.58232,0
22511.04441,54422.315879999995,1
23609.269959999998,59266.33371,0
23703.45266,59079.01892,0
23550.22293,59735.1458,0
22788.9875,54628.38656,1
22692.22348,57138.93328,1
22862.35986,56488.33912999999,1
23653.83417,55350.02956,1
23416.419130000002,55405.34568,1
22490.56537,56151.0304,1
24791.9862,61116.458139999995,0
23388.117619999997,60777.60721,0
23366.78876,54620.18686,1
23895.81205,59935.2612,0
22618.36247,55693.14091,1
22874.80475,55268.86539,1
22943.798580000002,58484.97342,1
22776.2448,57875.44111,1
22036.572809999998,57011.096710000005,1
24130.80523,61811.79245,0
24252.20122,60875.700170000004,0
24361.79938,61239.98179,0
23897.6872,59155.561729999994,0
22828.03592,58806.4442,1
23561.26827,58894.37017,0
23448.73828,60906.791339999996,0
23999.96839,59527.78716,0
24439.56365,61521.11117999999,0
24190.579690000002,59397.74149,0
23991.88048,61879.015589999995,0
23092.59736,57158.868579999995,1
24285.82794,58938.2117,0
23128.76171,56107.54752000001,1
23753.05669,60867.96731,0
22224.7385,54833.15541,1
22685.48618,56357.47309,1
22787.254240000002,55045.98827,1
25066.49294,60125.863489999996,0
25352.941890000002,61640.62386,0
23241.52592,56290.49786,1
22904.28106,54371.04309,1
22743.1266,56081.057239999995,1
22492.74611,55638.620879999995,1
24877.04421,59155.55232,0
23459.303659999998,61904.05922,0
22733.51986,57645.872610000006,1
22282.93986,56763.43236,1
24305.84365,59507.00477000001,0
22578.67865,55925.848210000004,1
22688.62517,55451.54079,1
23995.118140000002,60384.38926,0
23188.01868,56527.40704,1
24036.20447,61137.71053,0
24102.3289,60652.21189,0
24151.39483,60330.22407999999,0
23850.60372,58550.71802000001,0
23478.66105,60777.64587000001,0
22968.92699,55581.34495,1
23074.39131,56999.31918,1
22451.54738,55594.5149,1
24598.71895,60289.57324,0
22233.31994,52862.3515,1
24027.22749,58105.94226,0
23917.19109,61301.13344,0
23484.4739,58055.75347999999,1
23186.87115,54736.84032,1
22397.609669999998,55386.8986,1
24595.01596,60452.49117,0
23342.23346,55095.573229999995,1
22521.24887,56459.79437,1
23765.57138,61820.07535,0
22990.68937,59098.46411,1
24248.608630000002,58678.37197000001,0
22703.528469999997,54387.24294,1
24008.94175,60831.93686,0
24107.90455,60289.008270000006,0
22722.83165,56161.219979999994,1
22997.37098,58765.63132000001,0
22590.66685,53801.89411,1
22998.35732,56130.39415,1
22718.46915,55591.650270000006,1
23370.97246,58883.48481,0
23644.74381,59435.21374,0
22856.024680000002,58667.12891,0
22214.85326,56958.86864,1
23807.03816,61711.6383,0
23611.17012,58383.24909,0
22585.380269999998,56333.99074,1
22133.88033,54805.41072000001,1
22952.02781,56979.16692,1
23765.494130000003,57563.81267000001,0
24681.86749,60216.073970000005,0
23826.08019,60853.91861,0
23828.09518,61390.53284,0
22541.59415,55646.66199,1
23909.9128,62579.22576,0
23284.71461,58759.507679999995,0
22391.2092,55618.02155,1
23036.56289,55825.05462,1
22802.13055,56425.93677000001,1
23161.75295,55233.63035,1
23910.65209,59067.83427000001,0
22333.222130000002,58491.617860000006,1
22272.82875,55820.754270000005,1
24577.825090000002,61739.37145,0
23768.8441,60872.50284,0
23574.81552,59250.11377999999,0
22405.47929,58596.49239,1
22682.74957,56901.3295,1
22858.07322,56364.069070000005,1
24130.66613,61731.01226,0
22685.37845,56786.525610000004,1
23532.19166,61180.59169,0
23304.87816,60801.58663,0
22733.74814,54862.58202,1
24464.89832,62121.58127,0
24203.39355,60921.15189,0
22260.16415,56255.218120000005,1
23151.67805,56324.5943,1
24069.21691,58706.479029999995,0
23692.65695,59554.83946,0
22760.6016,55281.40648,1
23136.692430000003,55380.75665,1
24106.372890000002,57294.20135,0
24071.858490000002,60165.75502999999,0
22794.62735,55044.95752,1
22925.41191,57179.34902,1
23950.605209999998,59606.0009,0
21949.54578,58323.6994,1
23010.88107,54992.785560000004,1
24639.33538,59864.66688,0
22256.67348,55379.442189999994,1
24053.643490000002,60449.107860000004,0
22687.8537,55895.10043,1
22306.39863,56967.91186,1
22434.97944,56877.24714,1
22599.73617,56769.042129999994,1
23880.516819999997,59816.61064,0
24073.58381,61755.1311,0
22221.61492,57646.92089,1
24459.979209999998,59706.6855,0
22817.81486,55993.38797999999,1
22675.037519999998,56883.55727999999,1
24341.50275,60637.35781,0
24547.98711,61362.53687,0
24265.99715,63032.01711,0
23202.842269999997,60543.79466,0
24050.067430000003,61342.839439999996,0
23459.80168,60538.56115,0
24088.053780000002,59615.28019,0
23047.69832,57180.15115,1
24101.98937,59316.02534,0
22530.7772,56697.36939,1
23950.94831,58040.966210000006,0
22625.72945,56965.21725,1
23381.74531,60111.46527000001,0
24353.53034,59258.57576,0
22176.34779,56094.19421,1
23483.45445,61838.538539999994,0
22911.69855,60689.41215,0
24378.23259,59644.0191,0
23864.04787,61592.509739999994,0
23262.90879,54529.91217999999,1
23913.81234,60238.291829999995,0
24388.0112,58042.558970000006,0
22986.79623,53799.60886,1
22881.4038,55172.87987999999,1
23252.13222,56239.96069,1
23488.74769,54951.48429,1
22858.30787,55797.27525,1
23280.44608,55286.842979999994,1
23677.50353,58270.65908,0
22819.387590000002,56153.90132999999,1
24010.77781,60795.247070000005,0
23001.688169999998,57063.65188,1
24309.86035,60193.935860000005,0
22443.190880000002,56252.42345,1
22453.47857,54981.54589,1
22943.23391,58411.7371,1
22750.84859,55930.49335,1
23472.41845,55555.91796,1
23159.16059,56571.30087000001,1
24200.32016,63193.395410000005,0
24311.627959999998,61986.144029999996,0
24694.27451,60026.79524,0
23486.033040000002,57719.509770000004,1
22483.42297,56973.81081,1
22951.664090000002,54664.97727,1
22897.20656,57690.11095,1
23770.454169999997,60843.808039999996,0
23995.648269999998,60376.696789999995,0
23304.35187,57432.242770000004,1
22975.93918,55598.93294,1
22966.21263,56574.0282,1
24249.40986,61634.87991,0
24135.64098,59332.27828,0
23679.69702,58828.996589999995,0
24193.27501,60463.51206,0
23210.56312,55778.75991,1
23979.56396,60568.3595,0
24434.890359999998,61037.127720000004,0
22710.8839,55748.76265,1
23599.209609999998,59540.042429999994,0
21809.51302,56064.02689,1
24528.29791,60606.42047999999,0
22869.13445,56974.841870000004,1
24503.68349,58080.163660000006,0
23044.50271,54426.818,1
23061.59796,55539.5386,1
24629.72436,61217.55674,0
23203.49035,55628.67442,1
23511.386440000002,61678.462439999996,0
23276.503109999998,57055.52009,1
22605.5041,55416.3996,1
22805.95496,55859.57037,1
23893.04244,56781.297679999996,0
22740.35568,55908.15972,1
24425.767480000002,59895.08767000001,0
22542.359669999998,57338.74884,1
22979.19368,56397.40538,1
23178.30716,55125.527310000005,1
22612.99881,58756.53759,1
23159.7143,57264.924889999995,1
23674.33058,59373.79355,0
24121.24381,61063.51486,0
23039.19595,56465.75404,1
22563.03415,52992.62443,1
23423.9707,60045.83115,0
23985.985230000002,60377.39426,0
24150.41994,59901.55583,0
23592.81553,59424.291820000006,0
22501.54221,57044.20045,1
22374.708580000002,58209.778860000006,1
23736.13219,62718.840339999995,0
23761.21848,57611.173279999995,0
24558.62104,58607.1791,0
22768.32532,55824.3222,1
23855.46145,59857.07438,0
23115.990009999998,55831.72222,1
23821.14213,59843.5317,0
24641.605040000002,60605.055739999996,0
22799.7166,56328.017660000005,1
24217.1836,60287.45155,0
24611.05583,60046.44135,0
24135.578380000003,59360.222420000006,0
24358.740019999997,60107.97807999999,0
24043.74401,57930.120820000004,0
23685.87049,60963.31835,0
22367.46695,56395.75789,1
22390.25558,54687.69691,1
23052.18533,53951.30605,1
22671.38114,55943.81198,1
22641.19792,55663.549589999995,1
22966.31073,55846.936579999994,1
23018.276380000003,55007.83704,1
23960.4213,61087.874279999996,0
24404.837480000002,60402.651979999995,0
24000.274380000003,60520.77027000001,0
22966.82242,56481.494179999994,1
24316.63567,58798.6712,0
22491.40564,57241.9914,1
25040.12178,60813.683829999994,0
22348.88604,57130.10521,1
22468.28619,56581.91643,1
24204.48515,61253.496329999994,0
23721.095419999998,60191.54647,0
23717.84742,59808.052339999995,0
23817.2162,60005.79509,0
24115.344390000002,58256.80432999999,0
23500.02158,59401.94489,0
24489.3441,60941.77017,0
22458.839969999997,56085.72588,1
22639.07701,54916.827489999996,1
22862.22464,55569.69049,1
25187.18536,62152.057270000005,0
23173.06107,60577.57468,0
24599.437,59078.91201,0
23963.944030000002,58086.44645,0
23688.545319999997,58815.532289999996,0
23214.97143,60262.6897,0
23912.58572,61651.987539999995,0
23491.39498,59666.74609,0
23250.37529,56518.125360000005,1
22689.94338,57675.549629999994,1
22886.21605,55636.70059,1
23241.91861,53954.8901,1
23987.58999,57941.95272,0
24164.0235,60384.025779999996,0
24037.880540000002,59540.405679999996,0
23753.23354,59867.86852999999,0
23872.03078,59538.49367,0
24460.13028,58971.44754,0
23564.76309,61628.41383,0
24128.58088,59565.690310000005,0
22592.95745,57733.054379999994,1
22822.58947,55165.53381,1
23412.45706,60164.65871,0
23741.98212,61039.073039999996,0
24341.44554,62789.07216,0
23261.71573,55431.2565,1
23901.6961,60438.59197,0
23828.334319999998,55082.294760000004,1
22993.686869999998,57554.76432,1
22978.71186,57322.54262000001,1
23115.20898,55625.31868,1
22972.02158,56456.14344,1
23163.7211,55655.6086,1
23998.01895,59598.4734,0
22995.38163,55638.454620000004,1
23853.81917,59716.95325,0
23593.83995,61264.99306,0
23666.4218,60420.299179999995,0
24522.968240000002,59921.94402,0
22808.96766,55435.03569,1
24418.64146,60129.78185,0
24076.4788,61238.96724,0
22539.99289,56657.2506,1
22523.09737,56123.02135,1
22846.7854,57167.404160000006,1
24540.73547,60134.806979999994,0
24164.863269999998,61638.48791,0
22478.96335,54878.698710000004,1
24544.44033,60284.05293,0
24215.211580000003,60776.309579999994,0
24355.46865,59115.8628,0
22291.23415,56143.101310000005,1
22535.69672,54264.60797999999,1
22957.66366,53497.18352,1
23490.34611,59277.483,0
23360.08391,56237.13921,1
23781.21132,61181.16409,0
23065.54444,54527.67255,1
23902.91496,60767.447620000006,0
22043.89016,55948.36543,1
22823.90204,56703.58139,1
24021.78839,60756.64755,0
22242.006869999997,56220.30742999999,1
23928.324969999998,57212.05532000001,1
22498.446640000002,56443.870429999995,1
23897.21754,60041.37027000001,0
24360.95978,60378.637610000005,0
24631.96511,60716.42731,0
22489.78689,54365.04511,1
22790.87072,57777.181710000004,1
23821.4719,61230.13827,0
23913.3935,60506.862389999995,0
23806.83843,60700.56092,0
23002.444519999997,60464.051029999995,0
24310.12362,59344.235660000006,0
22718.41625,57844.54059,1
22982.029980000003,55638.566920000005,1
24909.97607,59129.29321,0
22802.15255,57082.60152999999,1
23307.518480000002,56090.7007,1
24005.263219999997,59927.22331,0
24063.93505,60858.81894,0
24970.49901,59099.57957,0
22249.1788,55418.16013,1
24209.24293,59749.832279999995,0
22458.01625,57153.66766,1
24045.50252,58483.73964,0
24333.31209,60772.20306,0
23163.19227,54690.62702000001,1
23735.36077,60560.06747,0
23313.32779,55691.71192,1
22653.47571,54993.08048,1
23068.41665,55273.66035,1
24057.54326,59868.98632,0
22776.368440000002,53978.095429999994,1
22350.985940000002,57592.33946,1
22598.05098,57979.03469,1
23784.258859999998,60135.21378,0
22828.18979,55853.664520000006,1
22875.52132,56498.27287000001,1
23084.40678,53484.693060000005,1
23644.16725,59166.45209,0
23338.318069999998,58716.5123,1
24239.745130000003,58758.78832000001,0
22789.72044,57219.73198,1
22177.00721,56146.74245,1
24386.19165,59674.12522,0
23594.90636,58579.72664,0
23621.22214,60934.50982000001,0
23849.27134,60491.871779999994,0
22692.20578,57777.42951,1
24421.86152,58966.756729999994,0
22927.88407,55227.9929,1
24174.88897,59511.42471,0
23599.2913,60663.613110000006,0
22811.2247,56419.983120000004,1
24535.647419999998,57029.45945,0
23729.19815,62846.22701,0
22664.452859999998,55811.934429999994,1
23520.95222,58553.98691,0
23376.3992,53549.58822,1
23874.405430000003,60901.59581,0
22307.79609,54610.565220000004,1
23769.50871,59452.828570000005,1
25054.07625,58709.98645,0
23228.45685,54955.07176,1
23231.03361,55617.738520000006,1
24035.0442,59897.1598,0
23399.76586,60687.681489999995,0
22834.872880000003,57543.799360000005,1
23573.03872,60335.6799,0
22774.77183,56368.7388,1
22742.46656,58128.597579999994,1
23537.71147,59203.12369,0
24109.36102,59952.764,0
23287.60691,57173.780320000005,1
23476.01076,60148.42817000001,0
22216.952080000003,54353.94108,1
23925.84705,61094.436929999996,0
22788.88787,55632.29003,1
24237.03396,60435.15952000001,0
23624.822819999998,56307.80485,1
23640.10759,60202.038089999995,0
23440.35501,58052.09258,0
22395.33368,56752.81307999999,1
23232.76641,56136.11532999999,1
22932.3164,54150.627089999994,1
23991.39665,59066.16849,0
22994.59739,54869.77766,1
23089.27118,55621.619679999996,1
23839.41285,61024.33297999999,0
23763.1882,60281.92594,0
23689.99056,60937.01457000001,0
21864.21675,58462.837739999995,1
24858.5151,61412.59481,0
23433.12343,62355.89336,0
23937.11985,58594.32193,0
22746.975319999998,56778.408410000004,1
23345.821519999998,55012.46208,1
24056.97814,60656.44194,0
23128.77147,55601.59421,1
22982.46603,57030.478579999995,1
23804.84461,59748.62839,0
23669.813159999998,59713.51519,0
22388.544469999997,55232.3248,1
22834.90871,54332.19699,1
23969.23013,59705.576010000004,0
23486.29206,60089.341360000006,0
24442.33364,60658.969370000006,0
23837.43275,58808.911779999995,0
23090.1845,54983.37617999999,1
22605.9849,53456.09721,1
23086.74705,58491.40449,0
23085.99355,57031.196710000004,1
23929.75756,60156.12025,0
21864.634530000003,55456.211760000006,1
22328.77148,56292.41614,1
22854.03331,56683.86166,1
22560.684119999998,56621.21701,1
22450.49552,53933.08709,1
22157.3311,57779.29051,1
24502.552069999998,61658.28884,0
22803.04212,57057.83403,1
22612.379969999998,54963.3477,1
22775.7344,55641.16266,1
24882.48588,59364.4957,0
24347.77619,59919.45532000001,0
24708.0955,59603.09311,0
22619.75903,53759.18615,1
24112.18528,59388.2108,0
22631.61591,55334.823079999995,1
23301.805080000002,54352.85714,1
24172.78272,59846.555420000004,0
23688.40059,54888.74443,1
23010.00333,55098.79877,1
22441.375519999998,55547.417729999994,1
24516.19734,59549.67449,0
23619.096709999998,61981.1752,0
22949.97882,54948.224460000005,1
24472.93348,59838.74362000001,0
22301.29851,57188.51052999999,1
23200.84708,54586.98843,1
23782.1005,59748.6483,0
23318.5887,53129.28297,1
22424.1619,55876.63824,1
21920.15634,54953.183710000005,1
22603.92544,57599.0181,1
23463.07636,60039.93621,0
21678.497519999997,56644.34356,1
24568.34471,59294.22122000001,0
22586.645790000002,56710.61255,1
23015.284,58708.3126,1
22985.69872,55986.3579,1
24035.1146,58091.7735,0
23322.679509999998,55551.86599,1
22400.0854,55459.70058,1
23998.03111,59417.99204,0
22847.52804,57437.22259,1
24433.93533,60753.6773,0
23760.790680000002,59879.98983,0
23939.00517,58114.00336,0
22627.13281,57609.29051,1
22777.78072,56960.54558,1
24082.1204,57693.04726,0
23740.61404,58367.018489999995,0
24027.81353,59901.74586,0
24477.563309999998,60541.2542,0
23350.28736,57881.39662000001,0
23057.41146,58165.487010000004,0
22614.40501,57872.72229,1
22667.084919999998,56658.13378,1
24074.46615,60891.37662,0
23642.37847,59260.985889999996,0
24004.38856,57954.065539999996,0
22738.318030000002,55376.973620000004,1
22877.56834,55824.951960000006,1
22138.03048,57874.60095,1
22887.6988,54411.2505,1
23973.56112,57348.58832,0
23366.64287,54042.47787,1
23042.62339,55927.318,1
23998.159369999998,60042.25377999999,0
24338.42371,60023.75774,0
24487.62469,58628.6837,0
24437.99579,60613.16978,0
24199.95566,60957.083360000004,0
22945.57581,60267.129329999996,0
23195.65336,56059.44769,1
23660.29887,60813.77887,0
24276.02,59452.55699,0
22934.375509999998,55135.79433,1
24225.86171,56866.01297,1
23297.48106,55204.415279999994,1
23821.77972,59248.515289999996,0
23048.87846,55384.3462,1
23583.806090000002,60456.295979999995,0
22944.789969999998,55672.571560000004,1
23146.43575,55080.37734,1
23650.558269999998,58556.161570000004,0
24228.43626,59162.704320000004,0
22076.37428,56039.28793,1
22890.32234,57423.92835,1
24323.254390000002,61335.66655,0
22063.86214,56722.11196,1
22036.238859999998,55728.50662000001,1
22842.15131,55760.9969,1
23727.6542,58794.6698,0
24544.10154,58444.96836,0
23763.272780000003,58790.549739999995,0
22128.906880000002,59166.37539,1
22473.48213,54190.51394,1
23251.560830000002,54823.660789999994,1
22324.769969999998,56488.88446,1
24417.151130000002,60458.144629999995,0
23767.41005,58430.01319,0
23750.64655,61265.99796,0
22889.32476,54914.84254,1
22766.396930000003,56656.30296,1
22723.93489,53485.70168,1
21647.74251,56888.02424,1
22704.18878,54595.72901,1
22901.20573,56074.36315,1
23988.37943,61581.4293,0
21864.577830000002,57759.45344,1
25036.230480000002,58835.492289999995,0
21972.41448,54808.35254,1
23810.2825,60418.52604,0
23327.97955,61623.49295,0
23657.87413,61206.67883,0
23599.23696,59428.532960000004,0
23825.220859999998,59242.613110000006,0
23207.30078,54545.68359,1
22565.89141,57730.32716,1
24349.38061,60230.73394,0
22534.81511,54318.568589999995,1
24983.36891,60060.99619,0
22396.74366,56137.96525,1
22937.16936,54005.75181,1
24686.131830000002,59646.45645,0
24090.39628,61855.907979999996,0
23755.463519999998,61628.19509,0
22721.24741,55445.667760000004,1
23447.53031,59671.174779999994,0
24009.787269999997,60717.68175,0
23482.88916,57059.695320000006,1
23252.2746,58462.65425,0
23223.592119999998,55716.536770000006,1
23854.67724,58981.180239999994,0
23470.68773,55306.373889999995,1
23267.748190000002,56950.58512,1
23737.50158,58951.32988,0
22897.90601,55202.1893,1
23273.50401,63539.38948,0
22877.13833,56017.34873,1
22660.35711,55436.99646,1
23716.72148,59040.015629999994,0
22630.60383,57119.90341,1
22820.20279,57727.9413,1
23920.46075,60645.968,0
24216.72575,58750.93781,0
22493.48654,56326.39799,1
22184.51025,55487.4006,1
22726.48422,56538.12154,1
23171.33654,54643.39615,1
22810.56137,55723.1665,1
24143.18614,60375.01945,0
23988.90938,59584.416639999996,0
22885.37181,54863.35515,1
22422.57992,57870.6424,1
23824.519790000002,59339.915120000005,0
24041.6493,60546.93062000001,0
22458.441000000003,55217.61389,1
23696.1606,59540.3938,0
22551.70927,56383.38424,1
22154.04418,53459.6716,1
22891.28905,56301.908110000004,1
24511.5527,58808.953310000004,0
23879.5617,62412.150610000004,0
22590.279,55057.800989999996,1
22720.7177,55822.56981,1
24224.26336,58403.487570000005,0
22865.171319999998,55133.94756,1
24350.27531,60059.96623,0
24447.85165,59096.25132,0
23982.46976,60706.14527000001,0
23404.78423,60240.5228,0
24886.42035,59268.55029,0
22773.12588,56750.18713,1
23009.28862,56228.63882000001,1
24326.77217,60119.488670000006,0
22742.19901,55385.59201,1
23810.93978,58235.60333,0
23551.405759999998,55794.07387000001,1
23824.613999999998,61162.178620000006,0
22448.139919999998,55255.037860000004,1
23074.95754,55560.084129999996,1
22971.03713,57516.62152000001,1
22908.73096,55540.48202,1
23404.16814,56006.661179999996,1
23314.92395,55756.82429,1
22704.178,55974.57482,1
24321.86335,59895.514339999994,0
24422.29114,61368.82618,0
23793.45619,60761.6504,0
23942.31365,58317.8379,0
24089.42042,61258.07832000001,0
23054.34648,54995.77462999999,1
24636.41016,60004.51779,0
24923.46145,59343.774379999995,0
24274.62944,59798.65572,0
23575.01972,59684.1225,0
22509.076719999997,57682.272370000006,1
22819.80138,55660.41289,1
22523.286369999998,56294.25789,1
23927.52311,60554.83711,0
24329.489680000002,57783.18996,0
24064.87902,58708.44992000001,0
22385.35356,56128.03482000001,1
22629.423909999998,56951.238410000005,1
22694.42746,54884.41496,1
24569.9813,56969.620820000004,0
24577.13619,60771.2529,0
23331.27083,56148.95704,1
22452.544169999997,58157.32302,1
23657.93501,60921.42366,0
24488.53841,60895.545139999995,0
24831.95664,60128.681560000005,0
23265.420130000002,57017.09575,1
23747.602130000003,59187.48316,0
24367.15783,59647.96626,0
23080.29344,56853.8464,1
23553.054519999998,60773.54897999999,0
22958.87606,55990.98657000001,1
24449.80902,59797.51655,0
23245.538790000002,61330.74258,0
22788.36585,56663.268529999994,1
22854.081869999998,56636.318020000006,1
24148.00837,60656.546270000006,0
23387.950259999998,57744.70771,1
24068.47932,61164.86422999999,0
22520.196030000003,54541.23646,1
24328.642219999998,60576.74317,0
22422.075719999997,56898.85972000001,1
24373.24765,60066.22121,0
23487.08023,59527.28479,0
22478.23775,57551.96695,1
22539.17064,56953.277879999994,1
24176.576259999998,60987.815,0
23931.97107,57855.87784,0
24220.723869999998,60594.0919,0
22747.31795,56396.52444,1
24008.10093,58942.699239999994,0
23424.27819,62478.75889,0
22356.61333,56959.68848,1
22557.27577,53578.93548,1
22858.297440000002,56057.84717000001,1
22558.74023,54306.74257,1
24307.84933,60653.59368,0
23181.32877,60208.481920000006,0
24585.6373,57450.250929999995,0
22874.34274,54621.606439999996,1
23933.34187,60370.61203,0
22650.13971,56924.624639999995,1
22742.11809,57402.836839999996,1
22411.3705,55414.04723,1
24601.159669999997,62752.31106,0
23512.78489,59812.208360000004,0
22507.35005,55131.82494,1
24738.854,59417.392179999995,0
24111.64358,60005.9245,0
22643.39032,54416.09812,1
22759.092,55688.46842999999,1
23814.9692,59122.34737999999,0
22515.06235,56804.38204,1
22519.207609999998,55740.7858,1
22750.72279,58189.19749,0
22511.671019999998,55467.24273,1
22561.28071,54999.99049,1
22595.03475,54010.856420000004,1
24440.30324,61184.794910000004,0
23178.7702,56721.02352,1
23033.09275,52589.7685,1
23412.32677,60542.258089999996,0
23615.79136,59475.97644,0
24258.00094,60136.20609,0
24434.10969,60110.87828,0
24334.60233,58997.10532,0
23587.411780000002,58448.6233,0
22912.68624,54920.803029999995,1
24394.77412,60084.66896,0
24461.060019999997,61506.52721,0
23818.28481,57857.187320000005,0
22943.11981,58345.04459,1
23074.75762,57848.642420000004,1
24549.04657,62680.620820000004,0
22670.96932,56311.54357,1
23740.26242,58988.237329999996,0
23120.44342,58170.718570000005,1
22834.27965,56386.26177999999,1
23934.97159,59044.2168,0
23390.555269999997,59954.00253,0
23050.096719999998,53824.47117999999,1
24157.773530000002,61150.64105,0
22817.060559999998,55283.16195,1
23220.314919999997,56857.922770000005,1
22874.48537,57295.210329999994,1
22711.44035,57003.835829999996,1
22985.26815,57440.14864,1
23258.72467,56061.6745,1
24243.15244,60083.5509,0
23864.68301,59239.36448,0
22508.07577,54654.02491,1
23659.4016,60137.34292999999,0
23352.17774,56316.44828,1
23834.65526,58799.1991,0
23046.50605,56334.02819,1
23288.912640000002,56829.399339999996,1
23247.97875,55917.76535,1
24087.73532,62986.10469,0
22217.80353,55959.30692,1
23997.85706,60458.51105,0
23574.9401,58821.275160000005,0
22786.74521,55611.309989999994,1
24229.23413,59988.13404,0
23119.03513,60485.494329999994,0
23169.01954,53639.97779,1
23573.272240000002,60242.11464,0
22713.97392,55717.83194,1
23116.11857,55454.77306,1
23815.77967,58960.01986,0
23599.0884,63134.071820000005,0
24288.69455,61412.466510000006,0
23541.51999,55402.51846,1
22246.96484,57294.81266,1
21856.678330000002,56730.68587,1
23961.303359999998,60032.09436,0
22580.95217,57024.06996,1
22410.63932,57687.23579,1
24298.91759,62341.02224,0
24383.2672,58600.06782999999,0
22728.60759,57388.034810000005,1
22529.50336,58046.07954,1
22632.70439,58013.32921,1
22678.47719,57598.622039999995,1
22937.011609999998,57740.29607999999,1
23264.93574,56461.43422999999,1
24235.48592,61179.17594,0
23639.58185,60338.9118,0
24281.5985,60657.30727999999,0
22645.7616,56464.1714,1
23809.53849,60256.766579999996,0
24109.90229,59805.380229999995,0
24358.81375,62270.343460000004,0
23612.65496,59352.880079999995,0
22847.00605,56584.22161,1
23922.179819999998,61306.960510000004,0
22667.58337,55460.1922,1
23772.41168,57026.925110000004,0
23937.04482,60206.82817000001,0
23961.60107,60116.23457000001,0
24280.91721,59385.10596,0
23721.17938,55509.43599,1
24198.255269999998,59425.849839999995,0
24025.33333,62663.51934,0
23749.27741,56032.97912,1
23815.14332,59527.26961,0
23680.81467,60180.57484,0
24085.62732,58803.825410000005,0
24071.3839,59964.402460000005,0
23763.4143,58966.806189999996,0
24135.38864,61009.563989999995,0
22514.35946,57267.94127,1
24165.25059,59354.59085,0
23853.82811,58939.89354,0
24058.69036,59475.435670000006,0
23823.95416,60915.339329999995,0
23819.822790000002,62180.846770000004,0
23330.90434,61888.094339999996,0
23845.622730000003,61373.41349,0
24802.28341,60872.673010000006,0
22950.53405,56574.43336,1
23119.24567,54247.34171,1
24429.52544,61225.176029999995,0
23670.85186,58607.3318,0
22830.597319999997,54632.770410000005,1
22888.59235,55376.5249,1
23967.180659999998,59498.43584,0
22276.821659999998,55325.781070000005,1
22589.72554,54877.35049,1
23639.68026,56546.6431,1
21962.237680000002,54606.89736,1
23478.9274,54515.64759,1
23180.800209999998,54715.89387000001,1
23100.02095,56237.70504,1
23780.437680000003,60267.267420000004,0
23357.02464,53547.33437,1
22740.4298,54634.554410000004,1
22340.97956,55264.31735,1
24145.21881,60236.84918,0
24382.449940000002,60947.20744,0
24266.51685,60925.424829999996,0
23658.79966,58358.90113,0
22890.7727,55202.31096,1
23703.08364,58187.15249,0
24358.86639,61828.712139999996,0
24023.01829,60125.41974,0
23117.52019,56842.09566,1
24578.27447,59750.494139999995,0
23596.23674,60683.20183,0
22695.48637,56578.49735,1
22379.11003,56374.38032999999,1
23701.849830000003,60287.70296,0
22744.74656,58364.92296,1
24030.29655,62400.86695,0
23177.66285,56651.59872,1
22498.26363,52111.82228,1
22526.71879,56860.64151,1
23776.112240000002,60965.34889,0
23207.48064,57802.27752,1
24102.52633,61339.7983,0
23699.33178,59441.18507000001,0
24016.75458,59727.45153,0
22392.79754,55628.81512000001,1
23873.611090000002,59344.19307,0
23655.88305,58926.41202,0
24257.75973,56287.969820000006,0
22911.442580000003,55930.74257,1
22841.578680000002,56804.60225,1
23799.03014,59909.62761,0
24187.85795,57066.91209,0
23313.99743,60506.25722000001,0
24063.961519999997,58683.75925,0
24067.37012,60344.296310000005,0
22560.99237,54736.26587999999,1
22614.91183,56010.8701,1
23323.27692,60132.4078,1
22903.07489,54397.59308,1
22860.38765,55080.63367,1
23171.520809999998,55986.53396,1
22929.98131,60957.73594,0
24365.77236,59079.143039999995,0
24277.06503,59261.3155,0
21745.164819999998,57733.506089999995,1
23405.16449,57301.643679999994,1
23584.58827,56272.107729999996,1
22986.51345,54889.3607,1
22531.981880000003,56646.9427,1
23850.37151,59474.95726,0
22443.03866,55821.320660000005,1
22410.77068,55868.44354,1
22425.4284,56067.90682999999,1
24348.83724,58191.89457999999,0
23106.06372,55381.619289999995,1
23677.50972,60688.51629,0
23718.71316,62404.0211,0
23908.11893,60781.76346,0
24046.0052,58178.58411,0
23234.37025,54697.00468,1
22942.63359,57377.573560000004,1
23499.10831,59693.03279,0
23660.15708,59091.195660000005,0
23986.21346,62982.60219,0
22628.020819999998,54924.16962000001,1
23530.02384,59735.823829999994,0
23368.99909,54913.55387,1
24595.90893,60421.91572999999,0
22205.6071,54338.04994,1
22875.44568,55723.86832,1
23967.0997,60717.11896,0
23058.718930000003,55630.94768,1
22459.911669999998,55493.816170000006,1
23076.56836,58510.98016,1
22664.4801,56458.799320000006,1
24990.939019999998,59899.201629999996,0
22324.0659,55717.94294,1
22958.11838,56470.96662000001,1
23708.0931,58937.75027999999,0
23081.31811,55222.971020000005,1
23274.137000000002,54150.690539999996,1
23859.06732,61289.55782,0
24910.564169999998,58967.003070000006,0
24103.50543,59406.30071,0
24237.03865,60235.845239999995,0
23607.56439,58589.913510000006,0
23420.38984,60223.21072999999,0
22528.705980000002,54091.582010000006,1
24343.915569999997,61750.431679999994,0
23478.6899,59051.227060000005,0
23503.67319,58575.62523,0
24506.4074,59627.68435,0
23883.126969999998,61263.633929999996,0
24221.65058,60781.49685,0
24001.55806,60273.53605,0
24359.10995,60169.2838,0
23201.02939,55644.497129999996,1
23245.69007,55870.22558,1
22780.23471,57746.345579999994,1
22733.96967,57546.811910000004,1
23830.74941,60844.83629,0
22535.615169999997,58747.570420000004,1
23331.6897,61311.39772000001,0
23821.376080000002,57950.12119,0
23429.08245,55291.49712000001,1
24248.07326,58405.926929999994,0
23771.36049,60794.93652999999,0
22715.18409,56283.8577,1
22848.91651,56260.940989999996,1
23357.9169,61424.472239999996,0
22759.83763,56166.34579,1
23792.26907,61001.83914,0
24014.2375,61379.51145,0
23589.88559,59389.08007999999,0
23190.97636,61339.40215,0
23819.32605,59523.13426,0
22376.08029,56472.32868,1
22922.32421,55561.00995,1
24155.78329,60919.921270000006,0
23807.682819999998,58554.97955,0
23303.216269999997,55121.24021,1
22890.617140000002,55010.29414,1
21950.94405,55552.936089999996,1
22922.38002,55754.260689999996,1
24122.9361,61104.81688,0
24477.74203,59812.14599999999,0
22562.49932,57222.55123,1
22914.8176,57203.52551,1
23902.93394,60064.066360000004,0
22266.01469,55996.78745,1
23426.33556,56312.2055,1
23312.78296,56118.48003,1
22259.71372,57520.24412,1
23389.38418,56597.71731,1
24012.49623,59421.9133,0
22334.72595,56649.43943,1
23400.56714,60942.86837999999,0
22827.02064,54413.64068,1
23436.35025,61085.44355,0
23905.57447,59530.3265,0
23782.07598,57679.03452000001,1
24414.21977,61711.89317999999,0
22774.096990000002,52972.35892,1
22210.83369,55393.60129,1
23077.65943,54489.47335,1
22686.112869999997,57259.04392999999,1
23800.88107,60668.94455,0
23369.1952,58078.005,0
22948.54327,54697.70006,1
22991.7662,56659.431820000005,1
23270.925880000003,56460.62304,1
23952.15435,60345.441779999994,0
24323.28185,59461.971789999996,0
24463.90629,61359.41819,0
24506.09754,58773.36286,0
24450.38225,58948.55231,0
24607.29303,59482.34831,0
24051.52329,61762.188129999995,0
22519.68603,54495.184610000004,1
22344.09348,56608.2111,1
23172.794980000002,55772.287979999994,1
24599.45148,59639.56656,0
23484.1795,58741.473589999994,1
22349.098159999998,56640.82822999999,1
24285.99634,58924.59628,0
23316.988569999998,57027.767629999995,1
22029.44464,56592.53396,1
22559.03594,55359.80466,1
22680.93133,57053.08621,1
24699.26811,60634.527420000006,0
22616.53874,55666.37482999999,1
22962.04083,56962.0516,1
22194.05379,55169.35077999999,1
23999.6998,59734.674960000004,0
24245.32121,61026.20914,0
24740.35687,59516.31284,0
22501.776990000002,55507.63437000001,1
23046.663959999998,55418.74969,1
23837.06947,60034.442989999996,0
22540.47654,55334.17212999999,1
24324.261169999998,60060.126820000005,0
23136.699480000003,56271.97801,1
22642.572659999998,56968.43999,1
22569.22309,53965.96091,1
22547.89686,56752.25187000001,1
22823.90437,56080.612689999994,1
23713.2078,61818.938070000004,0
23042.40056,57020.60119,1
22581.75744,53269.86023,1
23341.10233,61763.01617,0
24425.947959999998,60767.217260000005,0
22687.93467,56574.01202,1
23661.338030000003,57176.900089999996,0
23603.31838,61523.752179999996,0
23739.42169,59680.151320000004,0
23380.35684,60914.23807000001,0
24503.67977,58187.41669,0
23037.7954,57739.35058,1
24688.8634,61767.4192,0
22598.656730000002,57286.99011,1
23698.04102,60438.869000000006,0
24716.32401,59375.9581,0
24633.96556,59563.65984,0
22306.92066,56597.34613,1
24118.71291,60204.24134,0
22787.76393,56914.8775,1
23018.71477,58165.015020000006,1
24558.57065,60253.88891,0
22897.2851,56617.39087,1
23700.86558,60837.41922999999,0
24079.66055,60198.1877,0
23144.71279,56598.92995,1
22597.77359,56873.11219,1
23442.14185,55985.73472000001,1
24026.512069999997,59680.29635,0
24684.06506,61477.57165,0
23565.608959999998,61253.61735,0
23135.00177,55974.50237,1
23068.13508,61426.566360000004,0
24202.45073,59151.4968,0
23498.697819999998,59054.62862,0
24035.45365,60847.60665,0
23450.657369999997,57965.73048,1
22926.06686,55342.93686,1
24200.66969,59047.13665,0
22739.8315,57104.09134,1
22529.10056,56664.61678,1
23100.50907,54883.69615,1
22378.31567,57462.29694,1
24039.33312,58955.003039999996,0
23705.11053,58905.44591,0
24860.54225,62349.17019,0
22648.94212,57543.014879999995,1
22915.420280000002,56145.716089999994,1
22900.66299,55772.05195,1
23122.956319999998,54291.32091,1
23449.44108,61489.64354,0
23197.35027,57020.23063,1
22319.28305,56371.0392,1
22971.07171,56636.65037999999,1
22940.723159999998,57492.471529999995,1
24260.74376,57618.40081,0
22538.56294,55211.93621,1
22526.915080000002,55650.99084,1
24075.75407,60862.06243,0
22776.059709999998,56820.01466,1
23485.012919999997,55335.189529999996,1
23121.22706,56040.01971,1
24307.462819999997,60461.05116,0
23675.459759999998,59849.196679999994,0
22259.79335,55036.861079999995,1
24211.928509999998,58853.61117999999,0
22983.34004,61477.5732,0
22531.25519,56069.03883,1
23291.52742,61005.3686,0
24627.4121,59838.4434,0
22794.248030000002,55009.07606,1
22513.31875,55329.90519,1
23384.33077,59468.63422000001,0
24061.24241,57807.45454,0
22629.07617,56794.61896,1
24563.489169999997,60274.60567999999,0
24414.91752,60316.44955,0
23656.74364,60687.06952999999,0
22709.38365,56812.256870000005,1
22336.07955,56284.58388,1
23771.5834,60760.16819,0
23535.116530000003,59263.29211,0
22387.02757,56863.33417,1
24201.94644,59902.26893,0
22890.60546,55808.0641,1
24267.3675,58930.98747000001,0
23720.572490000002,60307.54845,0
24014.68844,60751.659139999996,0
23555.68593,55010.8253,1
22661.39518,53948.308489999996,1
23617.49712,58355.43314,0
24364.33567,60343.69806,0
22525.99695,56824.04267,1
23399.58368,60149.198489999995,0
22555.61629,56390.53686,1
23240.642819999997,59518.30168,0
23758.204859999998,59903.44617999999,0
22928.61906,56352.25958,1
24390.86644,61965.0189,0
23922.69951,60332.082279999995,0
24012.55862,59090.84485,0
24085.191609999998,60476.46425,0
24032.19329,59098.04479,0
24064.47565,59789.384210000004,0
22893.295290000002,52406.1848,1
22819.17555,57082.05232,1
23714.25143,61269.24722999999,0
22037.60197,56257.68505,1
23797.56096,58838.9552,0
23787.40631,60491.764,0
24015.10428,61451.91553,0
22485.8653,56476.125810000005,1
23774.85466,60394.929039999995,0
24286.1814,58167.439660000004,0
22397.062280000002,54390.91139,1
22303.44823,58242.48635,1
22400.585759999998,56300.733239999994,1
22585.06423,53488.88315,1
23790.116840000002,59575.39829,0
22334.99831,54247.74211,1
23293.87006,58012.21257,1
22285.95002,55614.65339,1
22420.160369999998,57330.366689999995,1
24032.103580000003,58141.8688,0
23140.00977,56580.681939999995,1
23788.38693,57542.94435,0
23505.2425,58302.85782999999,0
22517.763069999997,53820.423729999995,1
23573.776990000002,61243.76947000001,0
24239.11364,60450.81179,0
24221.624659999998,59915.615710000005,0
24468.942469999998,59847.326839999994,0
22692.94199,56385.714120000004,1
22403.66029,54787.30185,1
22734.282369999997,55415.922620000005,1
22930.44336,55926.596260000006,1
22514.15541,58186.434870000005,1
23075.46327,55232.57314,1
24209.2084,60360.33205,0
23654.345869999997,60533.38672,0
24289.19007,60721.772979999994,0
24073.54047,59529.568,0
23726.509,58555.1132,0
23747.03355,60871.92706,0
23459.856819999997,61499.084,0
24534.37674,59922.706060000004,0
24692.78616,59525.25207,0
23193.22033,57576.95837000001,1
23214.5312,56393.723229999996,1
23435.55903,60502.13107999999,0
22784.06352,53996.01022999999,1
24459.69121,59478.53586,0
23513.04956,58543.72192,0
23634.647230000002,58744.210920000005,0
22813.88467,54180.441329999994,1
23966.24972,61970.53252000001,0
24150.80779,61304.50752000001,0
22657.901530000003,56774.90696,1
23264.68476,56086.16673,1
23921.56724,61853.300879999995,0
23124.3505,56225.63677999999,1
24348.2986,59816.47882999999,0
22800.25935,56118.80327999999,1
24130.30558,60343.1584,0
22248.49342,56440.466029999996,1
24555.110630000003,59626.473829999995,0
22042.5814,54105.6954,1
22465.2732,54644.43617000001,1
23821.94669,60363.30565,0
23801.462669999997,58234.937170000005,0
22649.918840000002,56015.599420000006,1
24001.94344,59831.04327,0
23109.62086,57686.01337000001,1
24045.67905,60689.81762,0
22757.00288,54624.368070000004,1
24085.504719999997,60331.79162999999,0
23454.15471,55352.144720000004,1
23086.79324,61687.00707000001,0
23018.118980000003,58085.40727,1
23046.41812,57068.36515,1
24195.56667,61403.31347000001,0
25341.92831,58139.07272999999,0
24311.46641,59286.06948,0
24513.97917,58936.753639999995,0
23254.18091,55811.32867,1
23247.902469999997,57342.02977000001,1
24000.25383,61139.893679999994,0
23438.70074,55102.93445,1
24342.10381,59436.12169,0
23808.19169,61573.0034,0
22715.670680000003,58411.8861,1
23956.313769999997,60930.795289999995,0
24098.808090000002,60183.49978,0
24703.61201,59526.10265,0
24015.00874,60929.0473,0
23876.28665,62277.02461,0
23847.04106,57612.98145,0
22200.627230000002,55102.81924,1
24016.42033,59972.81925,0
22705.44131,55511.99204,1
24336.171430000002,60950.85547,0
24819.98897,61117.875629999995,0
23432.80674,60588.62951,0
22298.10457,56441.10077999999,1
24354.33832,60801.772379999995,0
24136.63439,57786.78015,0
24086.57993,61278.76696,0
23387.2516,61236.94708,0
22749.41945,55307.959870000006,1
24055.99026,60399.917539999995,0
22612.398419999998,56426.200110000005,1
23153.350309999998,57788.77996,1
24858.20987,58232.929520000005,0
24526.52261,58572.196820000005,0
22817.35451,57052.136479999994,1
23861.97229,60445.53527000001,0
24591.42324,60740.5549,0
23022.61748,58318.35442999999,1
24122.03229,63185.211260000004,0
22745.31811,55603.37697999999,1
23791.144330000003,58474.955460000005,0
23094.43954,55314.589629999995,1
22988.727000000003,56497.69171,1
22293.22824,54973.93435,1
24859.70898,60884.67441,0
22011.13926,57720.769270000004,1
24368.022240000002,61454.27164,0
23684.91779,57569.72612000001,0
23046.62709,52501.51931,1
22606.25888,55745.64916,1
24554.500519999998,59342.25357000001,0
23843.210030000002,58186.87722,0
24250.35465,60239.28234,0
22833.82877,56526.50056,1
24507.55301,57976.17322999999,0
23990.61207,61314.618989999995,0
23884.136019999998,59546.479329999995,0
22428.541269999998,56284.852479999994,1
23234.36926,57038.998960000004,1
23577.127119999997,61244.17864,0
22355.52901,54659.462139999996,1
24486.92326,60270.15289,0
22516.52888,54063.02489,1
23084.698969999998,57701.92963,1
23227.172309999998,57293.26062000001,1
24552.59074,59906.00476,0
23917.562169999997,59020.26463,0
23496.10065,59094.13912000001,0
23213.26665,55936.37965,1
23880.66328,59613.20212,0
22786.643809999998,61226.270710000004,0
25022.45181,61481.53847000001,0
22620.795159999998,55668.066139999995,1
24273.947940000002,60273.56179,0
23764.70867,60057.10041,0
22555.57606,56089.462889999995,1
23310.80583,56375.1018,1
24123.27463,59499.04982000001,0
22773.10925,55496.1544,1
22638.71636,58456.362329999996,1
22922.64301,56641.850139999995,1
22786.80078,56548.26149,1
23238.682930000003,60579.3021,0
22763.40735,56598.566020000006,1
22206.71069,55628.86238,1
22918.21369,58207.37832,1
22430.34459,56299.196789999995,1
22123.18389,55572.853729999995,1
22545.6543,57313.29002000001,1
23744.128630000003,57811.721410000006,0
23223.77233,55692.21456,1
24576.03353,61750.02359,0
23262.31225,52678.49359,1
22836.1509,56086.7029,1
24336.29224,58568.47689,0
23630.141180000002,59620.87672000001,0
22840.66948,54534.100620000005,1
23839.014,59718.39151,0
24077.557530000002,60537.89305,0
23866.5752,58792.57045,0
23166.88578,55817.54056,1
23480.36119,59143.50592,0
23159.13305,54142.56975,1
23660.38909,60280.73568,0
23551.88901,61028.18697,0
22902.905740000002,56518.992289999995,1
22982.84864,55886.08572,1
22713.366309999998,55487.78268,1
23294.39472,60641.90192999999,0
24594.23621,59245.50128,0
23273.475159999998,56544.947060000006,1
22745.1054,56933.586220000005,1
24654.48915,60213.36979,0
22155.85969,57403.30341,1
23432.05045,56241.43909,1
22667.507859999998,55697.15686,1
23912.998519999997,58879.583510000004,0
22856.246069999997,55638.457160000005,1
22583.49234,57241.91606,1
24562.03246,59353.53514,0
23814.17754,59995.39497,0
23006.517999999996,54588.83022,1
23510.994169999998,55882.45511,1
23774.00952,60855.809279999994,0
22316.37359,55921.14197999999,1
24782.94995,58702.91592000001,0
22836.633830000002,55622.6515,1
24402.59938,57247.36607999999,0
23693.80476,57314.44226,0
22441.85499,53532.05633,1
22507.140190000002,57799.54372,1
24662.59927,59974.22599,0
22979.55034,58061.69568,1
22841.16614,55228.8585,1
23440.34756,60798.34956,0
23808.555809999998,60086.57789,0
22718.911180000003,55239.012610000005,1
22781.222719999998,55571.71898,1
23305.01657,56387.193770000005,1
22495.41692,54923.76666,1
24037.200719999997,60248.11803,0
22460.647569999997,56343.544720000005,1
22736.91364,52446.076369999995,1
24303.03709,61234.453460000004,0
22812.77119,55395.633239999996,1
22752.718569999997,55368.03882,1
23170.861119999998,58875.954000000005,0
23317.4535,55076.35375,1
22569.18445,56684.02171,1
23898.2576,60533.29572,0
22806.16071,54074.3213,1
23786.73513,60016.65856,0
22323.60784,56422.318139999996,1
22339.832609999998,57186.05255,1
24276.06244,59971.889,0
22944.54771,55999.855489999994,1
24375.46925,61290.715829999994,0
23235.45606,56179.93592,1
23781.85951,59398.85584,0
23938.383859999998,60495.821229999994,0
24398.88403,62422.78517,0
24082.99502,59352.474989999995,0
23365.417709999998,55859.33575,1
22766.081830000003,55470.98662999999,1
24292.6405,60281.72267999999,0
23570.498669999997,61322.06076,0
23920.7695,61144.660879999996,0
22923.307080000002,57784.98687000001,1
23815.835919999998,59370.71901,0
22787.119909999998,53941.43964,1
23499.1365,55976.40489,1
22470.56582,57062.36855,1
23047.285490000002,55293.46144,1
23246.0558,55642.223679999996,1
23993.89715,59251.92698,0
23330.41021,55943.697179999996,1
23050.42959,56012.32185,1
22908.98698,57420.566439999995,1
24109.062530000003,58713.824689999994,0
22411.03831,54987.07314,1
22805.19594,53812.31232999999,1
22983.57831,55380.07437,1
23851.80559,62428.8177,0
23791.98204,61899.210170000006,0
23758.776,61131.28791,0
23229.78892,54281.62747000001,1
23710.59407,60424.21249,0
22741.07357,56018.46242,1
23494.6259,54514.498,1
22548.754409999998,55254.06385,1
24422.10441,60505.89789,0
23249.53606,56326.753789999995,1
22941.05702,56378.90345,1
23414.64376,57567.640060000005,1
24364.45459,61124.4653,0
22562.92683,56909.4737,1
22373.76745,55553.849570000006,1
23453.6236,54732.5735,1
24173.9179,61418.716120000005,0
23898.691769999998,60333.052229999994,0
24123.16057,60291.08349,0
23594.127230000002,56700.7948,1
23014.66535,57688.33065,1
24263.12145,62238.1114,0
24802.493430000002,58480.74845,0
24376.1655,61472.85846,0
23692.665569999997,59264.03142000001,0
24125.77103,58831.90252,0
23908.02232,59661.43871,0
22380.1012,56057.75461,1
24083.94036,60557.53423,0
24367.646969999998,59972.47965,0
23741.7455,60833.33161,0
23621.21284,58119.33316,0
23073.21692,54997.18931,1
23620.31839,60977.30776,0
22410.04756,55875.23685,1
22778.693030000002,55258.64395,1
24002.61527,61620.70718,0
22357.67294,56669.35797999999,1
24178.265669999997,62323.26597000001,0
23161.5348,57792.116910000004,0
24400.51599,59425.20696,0
24192.37325,60421.33425,0
23729.33065,58813.308639999996,0
23463.47058,58482.78366,0
22913.839180000003,55952.9457,1
24048.850140000002,61435.01034,0
23485.111240000002,59137.790960000006,0
24592.50157,59599.33614,0
24221.79735,59249.18835,0
23319.60796,59712.32298,0
24352.60067,61948.16319,0
22979.11786,56863.637720000006,1
22752.46019,54997.129179999996,1
24017.47899,61862.407329999995,0
22708.40304,55614.60849,1
22657.4468,56165.80986,1
22519.16906,55340.81857,1
24048.18317,60193.8984,0
22399.50444,55321.32866,1
24492.37828,60604.006870000005,0
22587.51065,55374.59865,1
23754.73144,59582.28787000001,0
22187.969119999998,55180.38106,1
24709.18704,59364.822629999995,0
24165.311709999998,59076.34536,0
23198.31766,57188.31425,1
22861.83578,55432.57687999999,1
22910.09758,55092.98168,1
24173.14659,59013.2212,0
23364.62024,60323.12022999999,0
23363.56856,56107.934539999995,1
24490.613240000002,61513.676060000005,0
22620.908180000002,56401.52454,1
24486.35596,58636.13747,0
24777.6897,59413.630789999996,0
23126.61364,55979.758429999994,1
22744.77251,55284.53602000001,1
22137.31043,54779.79815,1
24309.292080000003,58406.24559,0
23035.998819999997,56613.69791,1
22951.31197,55866.981779999995,1
22819.68074,56782.41858,1
23922.81957,61782.374879999996,0
24315.371069999997,60783.894570000004,0
22665.371,55868.145679999994,1
23113.97731,57472.17422000001,1
23061.15291,54006.08232,1
23933.421769999997,61283.22315,0
23625.90814,61313.41948,0
24362.15052,60031.88957000001,0
24397.08759,61570.57662000001,0
22275.90035,57253.6421,1
23934.31875,59896.44045,0
23377.03113,59448.90865,0
23925.59077,61808.881420000005,0
23580.42178,58436.4499,0
24051.22046,60644.49096,0
22679.19355,55837.93584,1
24201.82165,59814.911089999994,0
23511.88827,60224.96456,0
22628.21126,57206.72278,1
23915.01007,59852.7432,0
22716.1818,54503.1442,1
24400.2233,60703.45581,0
22704.92742,57301.44353,1
22465.422590000002,55486.38559,1
23417.97393,54895.39007,1
24229.43121,58521.14395,0
22675.803640000002,55848.11671,1
22772.53832,55302.55827,1
23720.737080000003,59984.66314,0
24574.54784,59973.01324,0
22672.41343,55196.672510000004,1
23378.81767,61775.642620000006,0
23730.05114,60832.24646,0
23887.874359999998,58137.18521,0
23933.62441,59930.23762000001,0
22526.89705,56290.66337,1
23167.686530000003,56579.63972000001,1
24176.00054,59082.219339999996,0
22259.87377,54670.01885,1
23349.16958,59971.71177,0
23594.03687,59622.41998,0
22927.60239,56166.749910000006,1
23601.03459,55864.085929999994,1
22605.71157,56396.262370000004,1
22800.5514,54910.78856,1
23945.1845,59844.906579999995,0
23391.70506,56127.41982,1
22538.70708,56070.24957000001,1
22463.98232,57750.62887000001,1
23620.835030000002,60213.7697,0
22552.9481,55881.66349,1
22728.164409999998,54386.1374,1
23279.17335,56320.81975,1
22070.28123,56155.32691,1
22817.53267,56473.517420000004,1
25160.867980000003,62134.75841,0
22514.40151,54439.741070000004,1
23280.20512,55187.92136,1
23870.839819999997,60072.47527,0
23289.29913,56979.61114,1
24543.20316,57495.6797,0
23530.58279,56180.11997000001,1
22568.40739,57134.132229999996,1
22269.66385,54963.29511,1
22955.56961,56650.344410000005,1
23676.800619999998,56117.59622000001,0
24036.582980000003,62599.9707,0
24062.73974,58638.77077,0
24423.79966,61487.72725,0
22533.43375,56205.2921,1
24129.108930000002,60358.28698,0
22792.46732,55926.28572000001,1
24683.8978,59425.905829999996,0
24359.89164,59561.24868,0
24847.69675,60060.58279,0
24616.25533,61379.04406,0
23568.041269999998,61328.555360000006,0
24033.70981,58558.06149,0
23000.59945,57194.19586,1
23824.71516,59736.60665,0
24276.86671,59950.392779999995,0
23264.72597,58673.00316,1
24077.62737,59626.63466,0
22843.08105,57877.36879,1
22668.91619,56974.185710000005,1
23617.03461,59759.0559,0
22845.56032,56073.60837,1
22680.47835,54700.95519,1
22324.73429,55877.1982,1
23482.05425,56582.352770000005,1
24319.605519999997,59717.983029999996,0
22660.57235,54487.71885,1
22687.029469999998,56997.231289999996,1
22603.19167,57678.321729999996,1
24348.1624,61036.852779999994,0
23906.349580000002,59778.55057000001,0
24821.129269999998,61472.41338,0
23925.62931,60605.452410000005,0
23732.33181,58448.772070000006,0
23130.27358,56345.913029999996,1
23562.25141,62697.6425,0
24492.47325,60867.45457,0
24009.07815,60845.588189999995,0
22333.44048,57580.52702,1
22612.38045,58047.4753,1
24143.52118,59720.96772000001,0
23589.20001,59738.06299,0
23636.319,60508.20529,0
22365.34215,55904.33105,1
21469.08191,55320.55286,1
22760.42888,56663.58052999999,1
22751.87459,55787.547810000004,1
22931.421609999998,56531.6245,1
23658.01183,59822.24805,0
24440.03339,61987.34965,0
22632.610259999998,55396.60861,1
23836.54739,55152.116689999995,1
24530.042,61018.108439999996,0
24073.004409999998,61789.744510000004,0
23775.14038,61568.11155,0
25004.73456,58632.04769,0
22926.24756,56473.535079999994,1
23461.131019999997,57122.71055,1
22425.31494,54665.28182999999,1
23062.253819999998,56254.053139999996,1
24704.38969,59192.057839999994,0
23550.25069,60327.63857,0
23829.6939,59295.26141,0
23346.21698,55296.8419,1
23382.43633,61680.74667000001,0
23942.90378,60486.35372000001,0
24154.402469999997,60635.63891,0
24488.52648,60157.00677000001,0
23865.94816,58682.67152999999,0
23197.56874,55080.79519,1
22996.84455,57594.446429999996,1
24188.81755,57824.682629999996,0
23014.346680000002,56332.10702,1
24303.185230000003,59287.38307999999,0
22557.3071,56674.30301,1
22767.72902,56226.746979999996,1
22637.65953,55611.536960000005,1
23925.63789,59655.33252999999,0
23824.485080000002,58652.12756,0
24027.14373,60217.29479,0
22879.08947,57056.80315,1
22829.254680000002,54165.30505,1
23167.81491,56546.00591,1
22736.908880000003,56465.9589,1
23774.86596,59016.662110000005,0
22147.419169999997,56662.79835,1
23017.06725,56207.07423,1
24365.35469,58739.21555,0
22910.238719999998,55071.63352,1
23720.340930000002,60966.05677,0
23128.30676,57540.74247999999,1
24681.017480000002,61310.076010000004,0
23778.65223,54913.13831,1
23554.963819999997,60880.719710000005,0
22916.25905,56873.180179999996,1
23101.56485,56516.01846,1
23110.65282,55882.23522,1
22659.19569,54647.9356,1
22011.44841,56428.13688,1
23947.51069,60975.2056,0
23126.54608,56630.93675,1
24021.68879,59115.05006,0
23463.45571,57197.672060000004,1
22265.58741,53119.101610000005,1
23180.42439,56814.97841,1
23871.87829,62300.70637000001,0
23492.217119999998,59971.80987999999,0
23065.499219999998,54750.26872000001,1
23538.13919,60071.095579999994,0
22684.07175,58804.952639999996,1
24005.6275,60337.94847,0
24182.70184,59877.5894,0
23490.66791,57374.747610000006,1
23074.717780000003,54052.62575,1
22963.86869,55340.671120000006,1
23779.90215,58085.343689999994,0
22744.77987,55784.27937999999,1
23735.39617,59207.111560000005,0
22875.72435,57604.62292,1
23764.913480000003,61836.52992000001,0
23934.306080000002,60407.67842999999,0
22469.26931,56474.34074,1
22881.50597,54839.46532999999,1
22822.5194,56448.04701,1
23060.81043,55742.57592999999,1
23826.919530000003,59721.95164,0
23735.42421,54493.4668,1
24404.4937,61065.2215,0
23355.324569999997,57884.60055,1
22963.97625,57233.1326,1
23926.098619999997,60417.11006,0
24037.432419999997,60868.15689,0
23060.64999,54908.800989999996,1
22908.78006,55576.005939999995,1
24158.51384,60324.70601,0
22136.1602,55031.1187,1
22910.218409999998,55100.46751,1
23202.083580000002,55597.35849,1
23207.6904,55981.73675,1
23808.13076,59477.80952,0
24295.978030000002,59605.126379999994,0
23980.8931,59568.287820000005,0
23713.26732,58178.5649,0
22922.68035,56129.94974,1
22908.54478,56611.58572999999,1
22246.147569999997,57951.383870000005,1
23083.4508,55649.05215,1
23955.6911,59792.774560000005,0
24348.20101,59176.05082999999,0
23775.26289,60248.81295,0
22893.09254,56399.08319,1
23312.17644,57150.674470000005,0
24081.04343,60854.8402,0
23097.9792,58096.206920000004,1
22798.02243,55822.106589999996,1
22876.043230000003,55181.05782,1
22971.35929,54283.518820000005,1
22621.37695,57313.86535,1
23784.42234,62225.99872,0
24317.94193,59378.493420000006,0
23184.293980000002,56434.06987000001,1
23764.28845,59433.529310000005,0
22501.914090000002,54974.91247999999,1
23198.05802,57319.501820000005,1
23649.94019,59385.80462,0
24010.05544,60210.15609,0
24509.44033,58039.00697,0
23537.581830000003,57836.840560000004,0
23366.58694,59897.23662,0
23958.85245,61057.25732999999,0
22476.91157,55684.188129999995,1
24308.16567,58944.796610000005,0
24285.21843,60014.37111,0
23520.33914,60211.74491,0
23711.983119999997,53459.00934,1
23280.09997,56161.88424,1
21872.745219999997,53759.10045,1
24244.864830000002,59447.752810000005,0
22569.79261,54974.0633,1
22845.90891,56416.803029999995,1
23967.81708,60951.957910000005,0
22206.98132,55020.695,1
23263.2958,55463.009560000006,1
24115.460619999998,59028.19845,0
23479.386919999997,60061.408520000005,0
24459.272719999997,58468.889279999996,0
22126.81638,57354.7576,1
24107.23944,60281.76267999999,0
22183.043690000002,58021.57807999999,1
23076.426519999997,58132.95897000001,1
22480.291530000002,56993.24222000001,1
24692.7577,57866.26557,0
23937.71309,61667.917460000004,0
25014.81019,59669.78664,0
22294.45938,55510.83011,1
23325.75224,60033.994810000004,0
24234.80384,60957.62371,0
23826.50749,60515.35132,0
22646.83065,55174.60816,1
24138.94103,62124.18265,0
23115.290230000002,54530.28574,1
23653.79409,59902.25504,0
22917.87547,55965.7108,1
22615.6447,58364.42307999999,1
22919.63654,56620.206889999994,1
23113.35808,60640.431410000005,0
23046.19905,56318.67204,1
22697.646119999998,55583.265120000004,1
22121.669830000003,56754.22121,1
23786.13493,60315.98347000001,0
24119.44323,58700.97403,0
24447.39503,58245.92457999999,0
22484.9451,56770.28111,1
24116.1066,59676.11893,0
22307.44067,53064.319039999995,1
23943.67382,53439.5543,1
22269.18792,56908.641560000004,1
22780.752109999998,55448.35902,1
24254.848469999997,60154.73974,0
22750.555,57689.836220000005,1
24006.393490000002,59397.12164,0
23807.5998,60050.908189999995,0
