Price,Weight,Type
23910.37127,62240.13168,0
24737.4571,63316.308079999995,0
20245.73002,51732.15042,1
24315.29222,63712.0141,0
20909.84084,53357.08437,1
20145.10271,51955.466360000006,1
19863.37539,52553.70227,1
23836.530459999998,60299.79879,0
24287.359,62873.64855,0
24926.58235,62159.24105,0
24241.30149,63479.26245,0
19440.24301,50653.69173,1
24223.460219999997,62233.930810000005,0
23780.881080000003,63476.56347000001,0
19959.43882,51399.25148,1
20044.69883,51938.09845,1
23535.70522,61528.86938,0
24317.09113,63210.51869,0
23586.73528,63213.88062,0
24300.17625,63191.39427999999,0
23965.13844,64249.59681,0
20504.30554,52385.19482,1
25042.20518,63580.222,0
19941.084219999997,52446.02433,1
20154.4501,49671.57737,1
24516.051219999998,63695.0744,0
19573.14701,51635.01324,1
24372.08785,61360.39917999999,0
19902.17206,51914.90148,1
23649.76004,61800.573979999994,0
19785.321630000002,52332.06893,1
20263.23877,49994.34313,1
24138.41515,60710.94082999999,0
24197.25209,62167.153710000006,0
23716.930119999997,63737.80602999999,0
19506.95608,53270.4287,1
24155.81323,61583.52808,0
19156.66862,52852.047080000004,1
20130.339659999998,52315.53955,1
24677.10163,61781.56042,0
23668.40589,61763.2876,0
23916.51256,61803.26227000001,0
23684.37622,61884.859220000006,0
24103.6656,60853.60548,0
24524.30036,62411.148120000005,0
24048.25473,61788.77779,0
19573.48285,50071.7237,1
24861.54893,61962.08342,0
20788.16621,53297.74066,1
23485.38648,60403.627420000004,0
20412.31582,50678.76426,1
20065.86098,51828.70907,1
20018.14354,51556.99012,1
20269.22091,52614.91149,1
20693.38421,49012.11815,1
24551.43037,61611.93892000001,0
19990.2531,53122.04934,1
24458.58871,62280.963939999994,0
24059.80799,60175.421910000005,0
23875.44435,61251.18821,0
20070.19729,51557.045360000004,1
20151.585430000003,52555.236730000004,1
20408.81854,51392.58371,1
20994.742619999997,51126.21538,1
19916.98046,50480.3821,1
19852.38245,51373.09105,1
24840.86114,61517.92442999999,0
23648.64049,59915.78781,0
19693.70347,51800.80094,1
20230.287,48222.594789999996,1
23623.81845,64897.86889,0
23460.40769,60751.93707000001,0
20254.15661,51811.67772,1
19744.54779,51072.60788,1
24190.44285,61431.00405,0
19940.96164,50379.981810000005,1
23989.17033,60979.999970000004,0
19857.09927,51623.82936,1
23575.07016,60291.95782999999,0
23643.6352,61943.30771,0
24704.69806,60612.748120000004,0
24234.57184,61853.28491,0
24078.370280000003,60007.5878,0
23347.90939,63910.7667,0
20071.629680000002,54624.860239999995,1
23734.20968,61693.741160000005,0
23418.42035,62085.09243,0
19376.1762,50507.42441,1
19222.2924,52482.898160000004,1
19872.81652,52632.98865,1
19544.04932,51775.28509,1
20043.101280000003,52378.32663,1
23783.89507,60492.90524,0
20247.46645,52544.17824,1
24439.56675,60975.54786,0
23730.10401,61504.21457999999,0
19575.19635,54221.131570000005,1
23755.46008,61573.98055,0
24000.13923,64547.128189999996,0
24077.663269999997,60543.91485,0
23824.72003,61397.254839999994,0
19500.99301,50634.05778,1
19955.68719,53732.116389999996,1
23950.992130000002,60848.71354,0
20632.942769999998,51865.68227,1
24588.5265,61809.38521,0
24261.2966,61832.256720000005,0
23813.757999999998,62586.6796,0
24057.21963,61776.6516,0
20159.48112,52322.19851,1
24339.59489,61287.70764,0
23931.466969999998,64160.294729999994,0
23395.609669999998,62780.95856,0
24100.22523,61385.400720000005,0
20218.76036,53105.59299,1
19912.63115,53057.01224,1
19831.68777,50569.31268,1
24254.670469999997,61565.644510000006,0
19888.073959999998,52409.85906,1
23934.60153,63033.54002000001,0
23824.47809,60663.45797,0
23862.11216,61627.98549,0
19728.68018,51820.83526,1
24417.2442,63137.487389999995,0
23264.085759999998,61222.509029999994,0
23396.23774,62386.530289999995,0
19925.3372,51701.565310000005,1
23545.11335,61975.58405,0
24077.05063,62547.099720000006,0
19787.30629,53101.17098,1
23892.58194,62017.7028,0
19865.881559999998,53609.395039999996,1
20099.663230000002,52260.29879,1
23931.554819999998,62470.258129999995,0
20287.070180000002,51355.36694,1
23781.632380000003,61281.74216,0
19684.35655,52605.28505,1
23926.810859999998,61978.33049,0
23501.4893,61350.61622999999,0
20158.22307,49986.23308,1
24338.4575,64655.616610000005,0
23755.22615,62924.79095,0
24156.06964,62005.92367999999,0
24349.98764,64480.14867,0
24069.491130000002,62688.776920000004,0
24440.99548,62183.21513,0
19931.5047,52472.94311,1
24458.27704,62607.43019,0
23047.1668,62149.298839999996,0
20386.468780000003,52391.4667,1
24349.006,60833.573820000005,0
19856.985090000002,52851.51248,1
20483.33464,51791.571319999995,1
20379.47178,51885.10691,1
24319.52766,61560.58169,0
20103.08599,53241.64996,1
23651.731480000002,61514.897789999995,0
23125.82547,60828.55862,0
24762.7482,63034.157660000004,0
19741.98817,53093.65943,1
19985.29396,52609.00972,1
20251.44141,54442.053889999996,1
23783.97656,61598.53731,0
20148.5487,50267.45725,1
20079.8148,50812.003339999996,1
24125.9131,62919.537529999994,0
24343.77218,63978.613379999995,0
19395.93614,52555.20328,1
19977.76319,52104.5054,1
19986.03485,50946.69673,1
19772.05141,52541.359039999996,1
24206.441440000002,60711.52138,0
24451.72323,62980.9642,0
24032.46755,64591.51387,0
20286.671459999998,52003.45875,1
24166.6786,60344.038010000004,0
23917.55775,61210.11784,0
20203.90749,53394.03482,1
19800.949819999998,51612.03248,1
19543.01626,52256.12182,1
24440.37201,61988.7191,0
24181.43485,62058.371,0
20131.53962,50475.17441,1
24256.09329,60833.576689999994,0
20440.89164,53751.89199,1
23608.58932,61520.50822,0
20032.79226,52612.20132,1
19484.61935,51683.30082,1
23255.73124,60919.27905,0
19990.647390000002,53851.65464,1
24206.63572,61462.93451,0
24283.91507,61826.614779999996,0
24156.41028,62399.55749,0
19938.63121,53906.54283,1
23876.40006,62962.77628,0
19990.525319999997,51667.04485,1
23666.39641,62525.64431,0
20207.98975,50498.38899,1
19670.71117,52866.05544,1
19933.17387,51162.05651,1
23517.11115,59607.45525,0
24099.70473,62661.838070000005,0
20143.20279,51533.77259,1
23764.46917,61173.00882,0
23661.19988,61201.63623,0
22927.05149,60528.075410000005,0
24577.38048,65060.9629,0
23526.741990000002,60908.562439999994,0
19232.856490000002,52229.19646,1
24411.31595,62219.8036,0
20621.15844,52192.416,1
19979.6652,49516.70229,1
19649.689980000003,52200.21818,1
23948.0321,62767.790310000004,0
24094.17141,61624.12059,0
23737.98447,60831.55759,0
24384.612409999998,61954.74317,0
24257.53271,61937.438389999996,0
24129.2556,63326.29504,0
20340.3188,52887.36023,1
23768.736969999998,62512.14745,0
19950.47061,54195.19026,1
20300.359109999998,51968.775819999995,1
24298.9628,62020.15735,0
24130.10385,62049.017779999995,0
23859.29782,62882.21632000001,0
20328.4273,54674.325560000005,1
25200.867580000002,62103.829970000006,0
23943.75735,61720.064920000004,0
19958.06947,53723.68991,1
23783.1777,60119.999039999995,0
24038.909219999998,60832.25535,0
19799.197119999997,52114.221260000006,1
24843.54795,62431.0298,0
20513.42267,51372.50046,1
19833.46914,50956.67364,1
23764.47262,60509.068029999995,0
24528.682819999998,62292.97437999999,0
19880.51553,51926.31392,1
23573.71212,60798.914170000004,0
19633.009,50424.62393,1
20647.5441,51953.97641,1
20727.536219999998,51511.48252,1
20213.009309999998,51510.22115,1
19426.5987,53292.12994,1
19551.09162,51942.86926,1
20095.303490000002,52642.53378,1
19449.79107,52016.68142,1
20774.39687,51112.869439999995,1
23840.05865,61397.364579999994,0
19831.30859,52604.87489,1
19841.54915,52479.943210000005,1
24009.865859999998,61736.79262000001,0
23962.49764,63038.34477,0
23552.5138,59920.470579999994,0
20149.70216,52993.275460000004,1
23733.08538,63584.220460000004,0
23521.21501,62246.47969,0
23948.22856,61316.02287000001,0
20533.24138,52366.666939999996,1
23317.18954,63045.2715,0
24581.601130000003,61945.740710000005,0
20112.57599,52026.64465,1
24635.696219999998,63605.730670000004,0
19529.471530000003,52390.2358,1
20147.99868,50514.68967,1
24464.94165,62174.73889,0
20459.94902,51576.2968,1
23562.10729,61606.629660000006,0
23749.65763,61963.69311,0
19654.50942,51190.668289999994,1
24327.69371,62647.22235,0
23890.688159999998,60429.080160000005,0
24478.18909,62050.56215,0
20619.06129,50964.21055,1
24572.692759999998,62058.06443,0
24358.39241,62681.156989999996,0
20416.86284,54993.39954,1
24036.997069999998,63022.56365,0
19900.605040000002,52053.68462,1
19197.12544,53249.157360000005,1
19218.374780000002,53401.96159,1
19712.40864,51520.86767,1
20262.24122,53576.1951,1
24088.58192,64156.80324,0
20141.23172,50187.80243,1
24178.65378,61797.57239,0
23517.02355,61325.05998,0
20205.71792,52981.060560000005,1
20261.39023,51346.37169,1
20618.59906,51521.91275,1
20139.48061,52449.22403,1
23362.40357,61730.19215,0
23290.05416,62034.978910000005,0
20105.01968,54250.68222,1
20578.04263,49204.37489,1
20295.42306,52258.33502,1
24437.03002,61200.75477000001,0
19554.25319,53059.18647,1
19185.1318,53310.3682,1
20103.247369999997,52309.42387,1
23650.69661,60768.71141,0
20533.66435,51426.2578,1
19392.521780000003,52161.76945,1
20195.84313,54743.35107999999,1
23508.93059,61875.74737999999,0
19505.993919999997,53143.18397,1
19522.96175,51554.99811,1
20455.897390000002,53256.994380000004,1
20151.83784,55006.76224,1
24222.75329,61137.424920000005,0
20238.96335,51895.2265,1
19710.153619999997,51529.92862,1
22955.18741,62838.345310000004,0
24125.17241,62967.6403,0
24418.25028,62573.788510000006,0
23605.04228,62278.51595,0
19501.67357,52815.59474,1
23823.44671,60282.9227,0
20192.17152,51606.45949,1
23389.98002,62793.4553,0
24667.631869999997,63006.18803,0
24520.001940000002,63445.44173,0
19424.11795,50672.31172,1
24201.91563,62065.56756,0
23693.62487,61529.14847000001,0
23387.94011,63055.57695,0
20354.61563,51212.13267,1
24284.87349,63743.27402999999,0
19417.50535,52028.85315,1
23972.25085,60372.17533,0
20611.866840000002,53228.92812,1
20345.01138,51433.3685,1
19157.96424,53407.7023,1
20737.66314,51130.43981,1
19756.72397,51055.76202,1
24003.53999,62224.1281,0
20365.552030000003,53267.660319999995,1
19651.03182,53665.90722,1
20131.5636,50327.512989999996,1
23928.40048,61968.37301,0
19404.28453,52502.51603,1
24178.09865,62723.776979999995,0
20096.66935,49910.50265,1
23588.10639,60996.706770000004,0
24436.75284,62420.332239999996,0
23926.75488,64031.44125,0
24133.201390000002,61373.314589999994,0
20679.605359999998,49064.834910000005,1
23271.32219,60967.74356,0
19579.1137,53992.94572,1
23749.401319999997,61282.28532,0
23387.15111,63144.4059,0
19744.07321,53376.501,1
24116.55399,62218.72144,0
24202.212880000003,62225.85007000001,0
19920.72161,49698.41693,1
24220.883990000002,62032.72233,0
24150.35065,61768.74521,0
19807.508319999997,51053.341739999996,1
20301.3763,51712.22277,1
24472.87902,62179.58032000001,0
20435.95546,53170.61853,1
19449.755259999998,52043.516110000004,1
23710.36077,61619.1475,0
23870.48939,62496.222910000004,0
19831.14029,53242.92837,1
24107.94768,60515.351670000004,0
24301.90094,61630.95458,0
19655.62202,52809.93223,1
20049.71865,51515.34956,1
23093.1833,62863.722879999994,0
20271.85118,51626.47067,1
19554.82206,51646.25354,1
19406.85064,50736.07606,1
19873.66231,50827.78982,1
24403.64287,63465.397410000005,0
24392.822119999997,61840.43365,0
24233.52158,62167.99852000001,0
19422.90041,51710.43321,1
19521.746730000003,51501.97948,1
20702.10679,53306.00823,1
24381.037119999997,64156.04595,0
23669.52904,61050.0002,0
20173.03492,50896.81002,1
19537.91818,52423.28595,1
23562.22192,63518.58034,0
19580.28798,53223.08922,1
19549.84128,52920.16543,1
19989.31309,54772.45725,1
19611.09815,54063.88993,1
20823.875969999997,53631.25717,1
19568.83094,51500.252160000004,1
20543.848319999997,51935.79731,1
24190.29312,63155.88355,0
20025.93276,52657.62661,1
24373.33763,60987.306379999995,0
24879.77413,61088.08014,0
23728.501640000002,61974.219970000006,0
19559.096569999998,53480.981139999996,1
24521.80401,61888.1219,0
24692.7065,62658.783760000006,0
19576.63668,55335.8216,1
24053.05754,60606.69206,0
23930.66931,60423.340370000005,0
24291.29853,63726.29812000001,0
20637.40418,51867.58479,1
20043.77122,51257.48033,1
23515.083609999998,61472.34571,0
24194.86525,61391.4436,0
19691.904880000002,52691.90511,1
19886.7378,50392.053589999996,1
24275.06427,61046.55077,0
20276.231330000002,51658.00167,1
23326.876959999998,62187.13826,0
20796.15783,49984.07718,1
20611.6407,54686.60454,1
20147.79681,53673.00072,1
19976.69714,51949.45057,1
24640.236869999997,59916.15715,0
19546.6506,50219.7179,1
20458.535480000002,53271.93316,1
23722.29488,62743.293289999994,0
19345.75356,52810.96005,1
19573.68229,52589.916110000006,1
24141.92968,63386.2521,0
20420.865990000002,51489.9474,1
24277.74961,62391.18435,0
20262.94103,52953.71535,1
20104.573969999998,50745.93524,1
19243.83263,51627.13252,1
20184.00795,52610.04776,1
23868.45263,60809.72945,0
20759.85561,52903.424380000004,1
20775.09748,48345.81894,1
19737.29303,51838.1454,1
20283.43011,51978.39493,1
19247.423069999997,51035.9737,1
24335.72378,60357.18327,0
23798.91489,62778.90293,0
20086.689580000002,49876.9248,1
19944.90384,51272.45792,1
24306.10283,62818.66699,0
23579.14532,63868.61114,0
25132.28377,62431.83343,0
23709.44108,63024.091010000004,0
20490.761730000002,52281.318569999996,1
24494.882719999998,63209.110029999996,0
24539.7865,61936.4406,0
24592.47325,62975.84199,0
19676.28885,51992.61017,1
24448.1857,61718.89167999999,0
23764.52475,59895.83414,0
19572.603619999998,52388.67435,1
19647.3862,52703.01167,1
20411.144809999998,54775.145189999996,1
20180.25944,51996.90118,1
24483.08617,62172.51591,0
20148.15341,48869.28536,1
24992.256559999998,61560.40441,0
24145.34105,61282.2059,0
23783.041,63453.681639999995,0
23863.75665,63852.87214,0
24016.926919999998,63430.70559,0
24598.3112,62045.53853,0
20527.41368,52390.25909,1
19892.01712,52653.26383,1
19656.56996,52189.33236,1
23951.18939,62421.38059,0
23898.80717,61203.8074,0
20113.73354,51062.19045,1
19231.84102,52764.779989999995,1
24227.56738,63505.669279999995,0
24269.00645,61296.88871,0
20013.19786,54520.0613,1
20306.897269999998,52780.50215,1
19828.9885,51813.166710000005,1
23968.63336,60113.61492000001,0
24761.88258,61965.683679999995,0
20215.92983,51578.4307,1
20457.869740000002,50367.18598,1
20049.64588,51370.138510000004,1
20381.337219999998,50834.72842,1
18855.546459999998,53154.81807,1
24529.27039,63868.227479999994,0
19243.493019999998,51567.66328,1
19285.84435,52824.556319999996,1
24004.79572,61112.79771,0
19673.638130000003,50075.58406,1
19580.93473,53507.640510000005,1
22982.8827,64801.662189999995,0
24160.7077,62182.1089,0
24511.61443,64423.07676,0
20118.99708,53054.80077,1
20379.94483,53644.45465,1
24378.25667,63140.30546,0
23581.08481,62690.35857999999,0
20254.81685,55011.926360000005,1
19678.082440000002,52765.40348,1
24065.29755,63431.65199,0
19006.37339,52940.15498,1
19778.08769,51624.15021,1
20018.227759999998,53151.67343,1
23845.73365,62403.632920000004,0
24096.7732,61118.31948,0
23689.37378,62422.753189999996,0
24272.26938,62266.93102,0
24707.61708,61875.24442,0
20334.78266,52592.61129,1
19364.98789,54157.85267000001,1
19639.99266,51193.04828,1
24157.190130000003,60734.42817000001,0
24545.16529,61382.446970000005,0
24220.89044,61332.88566,0
23369.243319999998,62046.7817,0
19895.215,52516.089830000004,1
23467.688869999998,62743.279089999996,0
19383.34609,50809.5714,1
20007.4922,54304.5903,1
20562.077080000003,51130.152310000005,1
23878.06611,63259.82065,0
24175.13303,59924.17895,0
20179.306109999998,52299.32223,1
19649.264919999998,51379.430810000005,1
19097.85308,52857.68366,1
19844.92252,52094.094000000005,1
24274.38193,61291.14242999999,0
19694.53695,52966.992739999994,1
20575.382869999998,52112.47388,1
23988.53071,62812.43391,0
23908.75877,60855.0441,0
19550.55432,51647.33089,1
24277.08759,62262.42946,0
19106.51441,52420.47917,1
20405.1271,51972.130580000005,1
24153.1157,60640.728070000005,0
24129.0971,61968.55436,0
20019.12784,54414.23338,1
19930.726169999998,52243.12548,1
23986.59418,60949.516970000004,0
24221.89722,61228.245370000004,0
21369.68901,50267.78424,1
19764.91559,52124.20409,1
19526.94683,52094.76279,1
19564.21472,51541.34519,1
20362.219569999997,50984.53217,1
24310.98931,61449.283760000006,0
23857.15035,62210.32012999999,0
19834.297169999998,51641.91605,1
20356.89109,51980.00004,1
20784.84721,52222.43732,1
24616.82142,64204.44211,0
23881.1372,63368.32169,0
23979.850459999998,62354.13675,0
24746.43901,61236.39444,0
20375.67566,50289.84538,1
23703.45785,62091.375810000005,0
23909.94846,62712.085660000004,0
24319.91413,62412.82702999999,0
20237.85183,51268.58273,1
19370.39135,51212.96423,1
23764.15996,63223.60324,0
19200.39545,52704.69908,1
23657.5041,61754.517120000004,0
20048.7377,54190.507020000005,1
19999.47261,53043.27254,1
24117.82261,61315.69672000001,0
20107.39156,52779.75258,1
24406.45099,61461.56266,0
24576.29688,62511.215370000005,0
24245.600280000002,62360.00365,0
20371.09084,51293.24922,1
20252.35728,51468.26309,1
23890.38149,62979.91617999999,0
24388.94668,63426.3135,0
19796.52795,52442.42445,1
23679.04423,61752.04879,0
23589.08498,60962.68524,0
23864.90861,60478.07731,0
23665.41109,64098.59789,0
20988.84906,52027.34235,1
24407.25737,61525.81341,0
20266.45582,53182.994289999995,1
23394.33789,61364.02536,0
20291.3844,52395.80848,1
23860.95,62915.02366,0
19576.08675,52252.03377,1
24161.98706,61253.8832,0
23576.84349,60468.78777,0
23961.47686,61881.51912999999,0
24015.590669999998,64719.65225,0
19570.16147,53323.75395,1
20006.69702,52055.89034,1
24464.36596,60962.04728,0
19994.66952,53114.53577,1
23689.27304,63294.427410000004,0
19626.262619999998,52829.561030000004,1
20639.09919,52277.957669999996,1
19692.12887,52069.39456,1
19996.13697,52012.40136,1
20584.17513,52904.90902,1
23768.07434,62429.7485,0
24029.32483,63727.57757,0
19904.12841,54726.14404,1
19144.25604,51540.91774,1
19563.65463,52762.94835,1
23861.50952,61611.53185,0
24765.94573,60874.03375,0
23957.1683,59345.568439999995,0
25158.79331,61668.27275,0
20388.84477,50431.400910000004,1
23653.86015,62082.993570000006,0
23754.79659,61445.3615,0
20065.93691,52125.582969999996,1
20188.826390000002,49239.50705,1
21030.57013,50896.721,1
24176.59121,60669.99834,0
20383.421159999998,51329.39842,1
24534.539530000002,62534.546570000006,0
19347.227880000002,53524.51561,1
23620.90855,61293.91355,0
20009.92916,54175.06777,1
20386.20479,52140.38905,1
19939.55973,51729.4077,1
20306.28787,52494.63542,1
19278.24238,54705.205689999995,1
24299.05324,62080.47979,0
24056.51336,63057.55092,0
23943.75821,61802.4265,0
19772.466480000003,52993.66511,1
23544.989540000002,61549.919910000004,0
20149.26888,52512.69704,1
23970.12116,62033.900929999996,0
19984.8117,51484.0903,1
20047.66069,56216.941510000004,1
24501.85347,61170.65956,0
19183.47567,54046.87278,1
24093.367169999998,62484.96746,0
19956.27991,52199.34697,1
20138.82334,50500.69964,1
20453.226909999998,51470.93348,1
24618.33026,62147.426320000006,0
19310.76394,54238.635429999995,1
19659.932780000003,51454.40719,1
23426.113709999998,61883.51391,0
24121.88986,61087.46529,0
23661.25467,61268.97961,0
24348.770269999997,61894.578389999995,0
19879.31656,50539.60443,1
19584.27925,51440.00896,1
24403.99759,62266.267360000005,0
20503.06162,52639.92731,1
24348.33906,62860.20389,0
24384.78068,62106.628939999995,0
24283.80287,63178.410229999994,0
20442.126809999998,51893.06564,1
20404.09467,52041.50765,1
24158.065919999997,60110.69509,0
24316.2312,61937.31564,0
19872.31493,52818.75218,1
23060.32383,58806.3721,0
19952.17906,52180.88069,1
20685.35788,53043.70795,1
20047.21223,52945.03209,1
20174.131830000002,52557.35556,1
24621.66477,59824.84934,0
19773.83212,51608.59157,1
23955.9834,62779.68265,0
20061.15052,53358.552189999995,1
20512.81257,50260.84878,1
20082.42427,51870.2454,1
24080.82837,63394.70314,0
24187.7577,63021.535670000005,0
24118.05093,62433.30771,0
24936.36475,62653.769,0
20215.99968,51773.24499,1
20156.809230000003,51015.74999,1
23628.4804,61716.180739999996,0
19827.30165,51710.77544,1
24462.655909999998,62394.41186,0
20368.74067,50640.00219,1
20465.22611,52634.23608,1
24586.82651,62352.3369,0
20520.63488,53042.98876,1
23745.95691,62092.54241,0
19612.83364,51554.33313,1
20818.80346,51768.26405,1
19820.62327,52193.40432,1
24137.48564,60403.365529999995,0
23558.827859999998,61629.00962999999,0
19938.88553,53457.516639999994,1
20003.45986,52354.47312,1
24517.88716,61864.18061,0
23967.77146,63832.789639999995,0
24331.613080000003,63371.20379,0
23111.72022,64680.6418,0
23905.42334,61439.11481,0
23545.86282,60599.10389,0
19950.96722,51165.6592,1
20463.70407,51196.763230000004,1
23755.712480000002,63830.003670000006,0
20362.9006,52832.05088,1
23405.076390000002,61279.61455,0
23980.32518,64928.61892000001,0
23305.53166,61791.300370000004,0
20578.68204,51268.55964,1
20231.01026,51162.64418,1
19200.24987,52987.157510000005,1
20024.32144,50915.15305,1
20205.18882,53687.17733,1
20469.963030000003,51299.32667,1
19774.134830000003,53410.11941,1
19963.82865,51394.13334,1
23970.589659999998,61526.41446,0
23200.26086,61694.038329999996,0
23670.14112,62663.60077999999,0
23549.72096,60564.582720000006,0
20302.688009999998,51850.5128,1
24092.13463,60983.190279999995,0
20214.476319999998,51569.412169999996,1
19579.54687,53657.94333,1
19805.57977,50926.53819,1
24544.34573,61787.515020000006,0
19750.89617,51866.06383,1
19962.14197,52809.89422,1
20876.78195,51235.32514,1
19718.39589,51193.992060000004,1
19565.72441,51182.18434,1
19430.40644,50194.84341,1
19244.796619999997,50754.57985,1
23857.42384,62902.003039999996,0
20089.31522,53691.88628,1
24461.64209,62756.55983,0
23415.15263,60427.43997000001,0
24121.37414,63149.11622,0
20016.3758,52342.85462,1
24129.210759999998,62381.73142999999,0
19857.83137,52104.55281,1
19362.28399,53845.92915,1
20427.095080000003,50815.66291,1
19926.12086,52252.5917,1
19688.76116,51055.68094,1
20498.92205,52021.52765,1
24501.049909999998,61413.93435,0
24291.21289,63043.66485,0
19742.03702,51233.28164,1
20005.96639,50945.31951,1
23276.22853,61449.49526,0
24374.597169999997,62330.43282,0
23382.12082,62989.136920000004,0
20428.378259999998,53468.54182,1
23760.78157,63599.550520000004,0
19093.14101,53264.05601,1
20063.08333,50361.86853,1
20162.6171,52720.25445,1
24710.16276,61827.564229999996,0
20439.81442,55298.786739999996,1
23697.49182,61763.109820000005,0
24047.433680000002,61414.74492999999,0
24465.302330000002,60133.3908,0
20792.8212,50593.52476,1
23739.51679,59382.816029999994,0
23825.54321,60662.69971,0
23780.27859,60548.88065,0
23588.67209,63557.06267000001,0
24538.11052,60521.77559,0
23463.1897,62881.48755,0
23448.82112,60804.14065,0
24306.9338,62192.188160000005,0
24266.148999999998,63123.910579999996,0
23430.66269,61153.31054,0
20729.7644,53301.79278,1
23331.52367,61272.02437000001,0
19706.10316,51500.5872,1
24325.78378,62383.87305,0
20264.68459,51486.357,1
20682.26662,51971.217730000004,1
24373.19428,62408.544389999995,0
19880.94295,51467.7576,1
23330.00204,60521.910789999994,0
24476.44464,63324.98552,0
20468.94227,52903.929769999995,1
24282.10033,61093.04282,0
24287.66269,60750.420020000005,0
20573.667390000002,51441.70729,1
19737.38794,51872.3921,1
23778.11358,60497.03652,0
24021.902430000002,60593.636620000005,0
23711.325240000002,63795.12627000001,0
24123.45768,61707.229960000004,0
20169.352759999998,49245.36475,1
24710.924,61620.54755,0
23196.45434,61301.4726,0
24238.38564,59775.86445,0
20343.58334,52157.23874,1
19334.69487,52515.23945,1
19687.11623,52853.94957,1
19761.80639,52539.094280000005,1
23573.80855,61667.14792,0
23918.25106,61207.23017,0
24417.90878,62097.77404,0
23860.478880000002,62002.16815,0
24165.11799,63250.45051,0
19848.962730000003,51060.82909,1
24482.72812,62250.54222999999,0
19323.80604,50164.80825,1
20468.63765,53661.4127,1
19537.00614,52554.31462,1
19999.28955,51932.18486,1
19373.83682,51184.19422,1
20493.50955,53539.74723,1
19799.11147,51359.2941,1
23737.4224,62390.875060000006,0
23466.093109999998,61853.362960000006,0
20652.25043,52624.58946,1
24147.41889,61365.15146,0
23134.85491,61663.73126,0
23683.66388,62059.69116,0
23831.05845,60821.415310000004,0
23514.65541,61641.30415,0
20096.155590000002,51026.65553,1
24398.17155,59685.33161,0
24041.15738,61241.405179999994,0
19809.49009,51026.14146,1
19287.63112,52425.48968,1
20321.1791,49075.94206,1
18966.03281,52050.272769999996,1
19888.487,51516.5647,1
24473.24031,60575.162489999995,0
24218.713659999998,61542.0746,0
23961.31619,63284.825110000005,0
19745.727769999998,52124.008819999995,1
23552.49093,63838.119320000005,0
20760.22092,51108.138360000004,1
24047.967,61326.433039999996,0
20068.7163,53121.47166,1
24335.68743,63099.38652000001,0
23700.4954,59636.7911,0
23955.9829,61251.2196,0
20552.60249,51720.42567,1
19990.77347,50997.505489999996,1
24386.95017,62353.00106,0
23593.14065,63312.04878,0
24302.69068,61536.320170000006,0
23975.10808,63882.03825,0
23808.24338,63153.04332999999,0
19310.766819999997,50225.3029,1
19923.34391,50154.740260000006,1
19328.48495,50648.22095,1
19547.20609,50778.7859,1
19898.56009,51051.54991,1
19460.50849,54398.545529999996,1
20342.235930000003,50902.3287,1
24090.51124,62239.60314,0
20204.9571,49904.678439999996,1
23921.44691,62222.36312,0
23746.0312,62339.673579999995,0
20324.12844,52186.61795,1
20219.797280000003,51577.53252,1
20733.324,52012.003189999996,1
20194.580130000002,50300.796010000005,1
19836.64645,52799.80257,1
24169.17765,61678.210810000004,0
23777.69442,61638.548689999996,0
20043.3289,54464.648089999995,1
24290.45906,61783.78944,0
20585.6766,50121.64659,1
23807.07374,60784.61747999999,0
24271.049469999998,62872.07425,0
19572.54467,52899.11597,1
20363.34873,53983.48278,1
23260.53916,62619.55191,0
23040.13994,63440.111339999996,0
19597.64613,52438.47257,1
19546.364680000002,51541.49944,1
19527.144269999997,50719.0194,1
24323.766369999998,60121.470089999995,0
23407.30765,60893.68837999999,0
19518.25216,51718.91195,1
24164.91183,62199.07762999999,0
20160.15416,53503.0292,1
24560.4737,61319.57235,0
19482.15786,50123.040160000004,1
23497.65946,59953.262389999996,0
20235.28113,54542.020679999994,1
19899.09619,52074.29503,1
23952.84905,62135.6006,0
23258.19774,62097.286479999995,0
18958.89639,53187.28351,1
24302.066909999998,62121.046389999996,0
23667.1823,62796.16557999999,0
24226.51145,61124.603870000006,0
24447.49354,62038.27306,0
20414.63473,52474.00811,1
24093.81426,60730.794089999996,0
20024.148569999998,50191.07894,1
19666.61452,50702.80109,1
20365.00155,50896.41684,1
23472.44898,62064.997670000004,0
24612.67357,62196.215229999994,0
20059.965630000002,51226.595180000004,1
23861.843719999997,63261.387460000005,0
20092.91767,50160.063330000004,1
19643.596709999998,52699.76938,1
19898.68057,51888.501189999995,1
23461.7626,60595.96484,0
23405.528009999998,60424.75574,0
23536.782769999998,63731.12705,0
24170.98477,61254.07313,0
20437.04634,52654.80832,1
23617.256709999998,61597.452860000005,0
19200.57229,53159.61243,1
24411.60843,59286.82294,0
20398.33457,52954.96339,1
24120.872369999997,63882.70123,0
24363.32844,62590.65406,0
23775.83153,64021.18155,0
19495.15363,51035.272430000005,1
19144.55919,51986.77143,1
19341.39961,51898.441439999995,1
24165.63537,61030.013810000004,0
23781.08467,62992.358270000004,0
19882.167559999998,52705.91454,1
19823.26961,51645.62201,1
20101.129230000002,51851.20017,1
23215.99829,61793.98473,0
19439.32332,51475.78471,1
23662.649559999998,62173.46192,0
24564.49403,62365.87538,0
20081.29052,51252.47338,1
24510.30602,62666.31782999999,0
23338.59116,62797.081,0
24462.67386,61797.17977,0
19442.62133,51316.35114,1
23775.33267,63809.26765,0
20043.02908,50575.69833,1
19397.79228,51438.43554,1
23952.61133,61646.89965,0
19801.04321,53378.55288,1
24224.52924,64903.61788,0
25089.3077,61314.462139999996,0
24324.98365,63033.17796,0
24183.91234,63076.31016,0
23363.478430000003,61790.398629999996,0
23156.59495,61042.24733,0
23950.52288,62063.757079999996,0
24407.577419999998,63466.08775,0
23332.692619999998,60789.49557000001,0
19967.84507,53029.59302,1
19802.83585,50213.06388,1
23305.151169999997,63530.256420000005,0
19717.618130000003,53138.64883,1
24399.61039,61388.09051,0
19329.05583,50298.58608,1
24201.62495,60858.48487000001,0
19907.86296,50730.2232,1
20169.60336,54572.37493,1
19664.40869,53217.97971,1
23677.01895,60612.421879999994,0
23987.45424,60813.96142000001,0
24634.15167,61631.37302000001,0
20168.66655,54407.633689999995,1
19579.04696,51817.908789999994,1
24100.17716,61351.85731,0
19871.271930000003,50613.93845,1
20344.74046,50531.484110000005,1
24518.91944,64046.85115,0
19932.0273,50813.98276,1
20334.13968,51860.63694,1
24116.85345,62394.727439999995,0
19863.59795,52673.57968,1
23921.92761,62986.380189999996,0
20487.55978,53049.103460000006,1
19732.59228,51073.75406,1
20835.684259999998,50796.02863,1
24400.8695,61274.22026,0
24328.607180000003,60821.132679999995,0
24466.90817,61907.869060000005,0
24317.0246,63733.75506,0
23995.24861,62442.95198,0
19527.28594,51772.637160000006,1
19252.16602,51841.45428,1
20413.80317,52716.24093,1
24033.65864,63386.40187,0
24310.28671,62930.01702000001,0
24445.44977,61536.37477,0
19968.58441,52441.98729,1
20031.603030000002,50506.337269999996,1
19826.56182,52058.30805,1
19589.7878,53181.15305,1
23972.21947,60008.997639999994,0
24216.55703,59934.14052000001,0
23907.391509999998,60478.66276,0
24666.534069999998,61699.57237,0
23994.92511,63571.06002999999,0
24043.92676,61046.13115,0
24047.77734,62382.49129,0
19603.983969999997,53266.26451,1
20297.65644,52380.238880000004,1
20289.11784,52242.114239999995,1
23626.626180000003,62655.479029999995,0
20297.30779,51096.8939,1
24154.0856,63266.67665,0
23960.67914,63041.680510000006,0
23724.07862,62921.55412000001,0
19799.47524,50603.24831,1
24212.138219999997,61303.07072999999,0
20013.7678,51277.20072,1
24320.498630000002,62955.25819,0
19902.33931,52424.36595,1
24100.82386,62088.38825,0
23997.9457,61215.17242,0
19448.65997,48478.79858,1
20437.271109999998,52043.354889999995,1
19961.04932,52441.23257,1
23418.584319999998,62082.04859,0
23607.43592,60605.517120000004,0
19723.80764,51738.69741,1
19321.72866,51383.57499,1
23679.59791,62848.300639999994,0
20055.45816,50200.62262,1
20988.5219,50786.102269999996,1
20560.17067,50123.74688,1
23497.45086,61167.119739999995,0
20011.23553,53119.80044,1
23748.71547,62186.715079999994,0
19654.403619999997,54687.32257999999,1
23687.29994,61216.3566,0
19551.142659999998,54003.01674,1
24011.35957,62267.761179999994,0
24586.292859999998,62186.39316,0
23815.96542,61338.604479999995,0
24005.45708,60658.36988,0
23826.19918,61889.584160000006,0
23370.18333,62553.31765,0
19414.47251,53174.54147,1
23837.98077,61937.75829,0
20460.17454,54201.091960000005,1
24307.045980000003,63165.39835,0
20519.17693,51456.30767,1
24325.351590000002,62389.86161,0
19607.57089,54830.1368,1
20430.70021,51640.636230000004,1
20108.79836,53613.20757,1
24412.92174,60792.825520000006,0
20335.68512,52388.812789999996,1
20069.495730000002,50915.99708,1
24192.076080000003,64886.45155,0
19878.625509999998,50993.7497,1
20136.5181,50880.05416,1
24158.37739,62389.24275,0
19692.35225,52104.66589,1
24190.99006,61523.14269,0
24193.51051,62461.902689999995,0
23942.55936,62197.44369,0
24521.345390000002,60924.68674,0
20022.12661,53738.422889999994,1
19773.8193,53801.426770000005,1
23312.73387,61956.00465,0
23625.72365,61098.80269,0
20681.52528,53003.55958,1
24117.89925,62278.159470000006,0
23925.55024,61326.43342,0
23947.25666,61715.13179,0
24659.13315,61577.685789999996,0
19542.08382,51544.05229,1
23749.37813,62159.20175,0
19764.51541,51902.74867,1
23659.68845,62314.45765,0
23701.41316,62412.482489999995,0
20453.10531,51982.82253,1
24152.67939,64610.440370000004,0
23465.32053,59666.980970000004,0
20676.4785,52101.03347,1
19791.79623,50673.756910000004,1
23754.76184,63023.103129999996,0
23871.59661,61283.211220000005,0
19763.24739,54209.43833,1
20185.933930000003,52620.13941,1
19991.06437,50881.81637,1
19907.57759,51466.33615,1
19552.85184,51171.60372,1
19074.53254,54936.22955,1
19821.553359999998,48969.431919999995,1
23975.05446,61405.914260000005,0
20686.049909999998,50010.10204,1
20320.88245,52231.83785,1
20130.26935,51393.54025,1
20314.82793,50228.87214,1
20439.702380000002,50903.40428,1
20298.48568,51651.50227,1
24525.16092,61140.6358,0
23731.730880000003,61234.945439999996,0
24377.38497,64827.116420000006,0
24032.2849,61412.94806,0
24471.30395,62861.120279999996,0
20199.337190000002,53264.04367,1
23816.93314,60714.56793,0
20059.1157,51205.04116,1
24419.44785,59414.48405,0
19959.67913,50358.42209,1
24231.49406,60809.30964,0
20502.93433,51991.12891,1
20194.94026,51394.18557,1
23777.80436,64503.08519,0
19645.751630000002,52478.42508,1
23775.69968,64328.1846,0
24183.68146,62535.16242000001,0
24149.285930000002,63167.841920000006,0
24217.253119999998,60717.33825,0
23732.68567,61485.65493,0
20174.92023,51974.79383,1
20375.27388,50705.506480000004,1
23727.2911,60218.94406,0
20135.187830000003,52262.099010000005,1
24119.36657,63266.48562000001,0
20927.54074,52166.37703,1
19587.326409999998,50663.756539999995,1
24468.08265,60542.96287,0
23485.998,63648.72406,0
19824.24546,52807.06968,1
19935.076080000003,52328.75233,1
19917.272230000002,50279.71103,1
23854.86374,59716.8088,0
20081.47566,52593.520130000004,1
20390.97193,50917.099160000005,1
23299.21817,61769.68896,0
24208.96861,60632.28441,0
24081.86059,62156.736639999996,0
19937.78724,54547.17596,1
24070.94825,61018.91093,0
23852.70066,63378.98949,0
20119.92238,52667.69126,1
23840.59072,62275.81405,0
20592.738230000003,50839.0631,1
23979.86463,59905.85327000001,0
23813.26744,59881.16255,0
23913.62584,61624.24186,0
23469.51036,62972.52921,0
19423.78581,53472.64525,1
24480.70199,62679.91382,0
24445.63205,59790.05813,0
20222.81309,52211.52138,1
23319.38608,63532.155629999994,0
23998.68436,61805.87074,0
19193.26525,52457.78267,1
24889.63667,62233.66929,0
24122.379719999997,63177.62817,0
23855.20622,60818.651679999995,0
19332.18189,53463.34566,1
20227.97716,51781.80271,1
19668.448959999998,52173.89288,1
23359.62509,61931.761510000004,0
24591.81696,62414.124220000005,0
20629.65064,51934.03351,1
24133.83003,62517.96517999999,0
19907.55869,52646.609280000004,1
19731.35015,49253.72075,1
20267.99724,51018.64953,1
23400.602609999998,62136.22373,0
20568.76304,51650.10058,1
20847.79764,50658.40635,1
24531.21721,61576.93061,0
24319.47045,61338.640589999995,0
24537.99239,62588.95579,0
23646.4923,62595.258610000004,0
24037.99489,63338.56565,0
24001.664409999998,60567.89045,0
24405.161,62288.42745,0
24252.63145,61774.78999,0
19819.87485,54790.727439999995,1
23266.07602,62790.51843,0
19768.216269999997,51797.82507,1
23916.39992,60865.81525,0
24212.874490000002,62289.782360000005,0
20053.40494,49077.92665,1
23771.56009,62254.80771,0
24055.59722,62354.09625,0
20007.58194,51710.947089999994,1
23849.105369999997,61392.36052,0
20322.03259,51567.32187,1
24418.41187,61537.943179999995,0
24435.15878,61747.58531,0
19675.7174,51804.00275,1
20173.44546,51486.87331,1
23739.12154,62959.55839,0
20368.84394,53276.79066,1
20821.0536,53158.94184,1
20037.75237,52148.76105,1
24184.411640000002,62784.31321,0
20119.23694,51837.57653,1
24485.27153,60164.02879,0
19711.70884,53438.7155,1
20145.93291,53657.083660000004,1
20090.226580000002,51417.66834,1
20172.80105,51940.953819999995,1
19391.263890000002,53832.5461,1
24202.002419999997,63902.284470000006,0
23462.53983,61544.1924,0
23628.063980000003,61459.956920000004,0
23513.0531,61720.41417999999,0
19404.44984,50205.388589999995,1
19444.147419999998,50902.25101,1
23233.69586,61559.27589,0
24133.532769999998,62896.89838,0
24158.617280000002,62775.6015,0
20298.13689,53202.30899,1
20462.80109,52881.615560000006,1
20283.42378,51827.26899,1
19600.12424,50403.02825,1
20626.878569999997,53322.31523,1
20108.729580000003,51904.82,1
23891.13437,61974.47037,0
23758.214359999998,62033.16289,0
19527.47309,50077.1658,1
24073.91533,59776.62316,0
19739.59285,51250.549589999995,1
19530.01335,51825.6531,1
20240.62617,51062.89005,1
19757.26108,50662.88458,1
19806.741169999998,52038.59001,1
24256.66487,62357.94734,0
23577.36899,61878.86441,0
20211.28581,52216.256239999995,1
24586.91666,63703.62354,0
20105.29043,54665.02837000001,1
19928.86171,52548.853930000005,1
23988.1671,61177.287260000005,0
23936.32086,60374.717520000006,0
20221.55998,52192.84212,1
19785.26732,53307.6759,1
24194.03841,60441.11652,0
20411.79314,51608.76192,1
20482.50185,53884.447239999994,1
23815.09723,61608.33358,0
19678.40612,52237.57464,1
24208.28798,63406.027420000006,0
24151.56995,63726.86432000001,0
20195.578569999998,50654.58319,1
19806.68704,52665.50829,1
19785.46929,53766.8469,1
20118.143630000002,50308.574689999994,1
20053.18723,51669.390719999996,1
20473.648119999998,51369.472969999995,1
23980.63574,60865.677560000004,0
19369.24244,51783.03092,1
24754.53964,60009.47855,0
23684.90245,62976.099070000004,0
20283.35509,53371.03456,1
20291.74436,50550.042089999995,1
19801.90206,52748.361339999996,1
24231.30999,61731.881389999995,0
20249.26947,54388.78517,1
19950.518659999998,51816.08243,1
19611.46069,50866.85624,1
20516.431080000002,52535.25449,1
23075.39147,63213.68671,0
23916.13366,62203.0803,0
19477.84775,49103.605410000004,1
19200.97965,52638.49592,1
24255.18988,61653.748770000006,0
23855.23952,62981.30297999999,0
23859.2505,62620.184270000005,0
23904.460909999998,63739.93504,0
20215.40568,51097.3792,1
23979.25452,62786.63168,0
23793.286219999998,61898.245760000005,0
20302.3014,52788.1518,1
19399.85784,52900.85724,1
24099.9682,62107.57821,0
20176.23995,53555.7666,1
20069.98804,53183.67055,1
23704.94834,63238.96454,0
24394.69509,63944.77009,0
24106.99274,60070.010460000005,0
23653.04637,59682.68652,0
24635.7342,62310.37934,0
24321.886280000002,62207.89574,0
24215.89821,61350.560789999996,0
23978.61869,63973.809779999996,0
19356.251930000002,52668.74265,1
20193.17005,49679.68605,1
20246.88351,51888.33782,1
23734.54014,59597.32837,0
24229.96874,61068.37032,0
23989.6636,62687.57894,0
24373.953540000002,60391.98749,0
20083.91299,51245.66194,1
20140.75812,52371.724460000005,1
24163.083290000002,62583.78935,0
23828.67725,60083.68129,0
23768.18964,62703.09491,0
23879.45608,60124.02318,0
20741.216790000002,52788.23379,1
19289.70067,51088.62978,1
19805.466969999998,53535.68658,1
19842.83037,53643.40064,1
19834.935169999997,51898.934330000004,1
20055.481209999998,51378.23329,1
20343.620759999998,52359.17916,1
24438.9545,62471.69929,0
24075.426330000002,60428.4699,0
19902.33449,54034.1245,1
23905.54545,60581.859529999994,0
24693.1851,61883.26111,0
19610.8286,52158.047210000004,1
24393.52711,62000.745539999996,0
25296.43329,63029.98475,0
19558.72704,49553.718010000004,1
20560.76345,49783.843689999994,1
23986.43399,63704.007939999996,0
20243.46971,53415.01997,1
20053.04784,50324.761269999995,1
20751.50864,53518.23875,1
19689.03891,53387.8351,1
23738.690130000003,62464.620339999994,0
20526.71606,52669.626169999996,1
23433.965940000002,61380.506779999996,0
20208.42174,52106.64115,1
19838.044859999998,52503.80839,1
24081.73215,60811.0832,0
20491.356659999998,49892.65155,1
23600.0754,62238.56287,0
19587.16092,53138.45091,1
20490.72103,51952.190610000005,1
19919.69456,51041.786439999996,1
24661.3248,60127.11187000001,0
20355.90609,50369.24174,1
24231.6019,61451.620689999996,0
24871.30664,61685.94784,0
24185.91341,61743.2461,0
24014.20552,60322.34751,0
20292.86562,53855.54685,1
19982.23732,51255.56735,1
24315.71585,63568.67778,0
24187.24847,62082.30421,0
23725.717419999997,62342.62727999999,0
20286.462369999997,50689.88891,1
24311.00693,64188.7428,0
23947.2118,61216.0599,0
20812.64194,52397.86826,1
19610.43797,53325.20818,1
19615.428659999998,52008.98497,1
24005.376369999998,61715.5265,0
20318.30238,53344.33855,1
24536.81156,63028.5591,0
20249.77919,52389.56634,1
20451.11485,51946.64381,1
23883.22726,62466.031429999995,0
24358.7741,61616.06759,0
23189.41811,60725.95662999999,0
23838.83541,60741.13551,0
24033.654,62922.32225,0
23911.55665,62301.57357000001,0
24110.7181,62208.39161,0
23741.47192,64035.26157,0
20057.51081,52167.33924,1
19635.00474,54092.0564,1
20655.74166,51748.38188,1
24467.6465,61475.537520000005,0
19969.39295,53324.23156,1
20040.55275,51023.29628,1
19231.6269,52081.895130000004,1
24406.404580000002,61555.678420000004,0
24588.90908,60640.12349,0
20162.677969999997,52690.78765,1
20192.69786,53267.879689999994,1
19792.9281,52635.71137,1
23523.212480000002,62097.6513,0
19941.63099,53470.577939999996,1
19259.03335,52240.74988,1
19990.555640000002,50983.95156,1
23186.66501,60971.70888,0
23936.64324,63402.18329,0
24490.06003,60453.58281,0
19405.70074,51406.061239999995,1
24988.3578,62011.28287,0
20291.758719999998,51900.868819999996,1
20857.04218,51917.61954,1
19671.81294,52988.14082,1
20183.02345,52321.75583,1
20734.17033,51539.74762,1
23724.58753,61873.85977,0
19206.29167,52221.37567,1
19808.71373,52630.6142,1
20624.34306,51520.31695,1
20069.93558,53855.843120000005,1
23962.52064,64418.58525,0
24284.56289,63521.812999999995,0
23873.34831,61750.19847999999,0
19447.94217,51832.13375,1
24097.78275,62375.574889999996,0
20314.952,52810.1632,1
23555.50042,62971.10728,0
23934.86782,61934.95107,0
23925.12485,61388.41781,0
24090.60445,61042.19079,0
20329.05798,51931.90848,1
24680.24667,63641.57102,0
24395.07344,60914.498739999995,0
24127.02669,61133.788510000006,0
23951.7771,61361.008689999995,0
20473.95434,52554.37558,1
19582.20886,52696.41214,1
19762.21346,52824.88637,1
20792.08682,53121.604060000005,1
19806.45893,51106.14168,1
20401.61427,53730.85045,1
24112.55644,61208.06495,0
20048.76451,49736.69872,1
23884.31309,62715.68785,0
23765.68011,60259.440160000006,0
19859.04979,52376.32178,1
24152.35884,61304.41526,0
19781.10768,52114.43374,1
24124.40381,62193.576720000005,0
24118.48892,60047.81522999999,0
24151.86904,60166.045210000004,0
23824.58442,62636.26652999999,0
23680.80505,61208.53322999999,0
20310.040869999997,52850.07714,1
19692.49341,50774.6477,1
24619.77311,62060.975999999995,0
20224.92713,51608.66139,1
24253.74279,60863.929110000005,0
20178.458459999998,54095.78921,1
19514.19707,53650.167180000004,1
23760.81262,61436.99804,0
23731.95803,63892.06808,0
20421.25873,50434.71708,1
19505.64866,51365.800310000006,1
24446.66125,61120.91714,0
19575.65161,50649.00508,1
24367.096869999998,62462.133989999995,0
20287.04296,53429.12538,1
24262.69356,62117.40652999999,0
20578.44022,50352.69254,1
19357.136140000002,54013.24488,1
24057.117830000003,63721.4413,0
24523.674030000002,61931.804879999996,0
19927.74959,50532.022860000005,1
20242.508280000002,52770.3699,1
24585.3643,61236.011889999994,0
23914.38551,61897.86101,0
20771.82405,52144.076610000004,1
19770.84059,50707.24961,1
19818.97781,51710.121210000005,1
20321.81474,52122.60822,1
19794.635140000002,53044.79779,1
20266.65166,53508.25539,1
24298.869440000002,62904.457879999994,0
19248.91811,51058.67367,1
19955.571180000003,51193.07885,1
24391.62186,63396.010070000004,0
20094.41609,52718.554430000004,1
24128.70216,59994.24946,0
24694.07515,61757.66737,0
20497.60805,51510.30093,1
19481.14525,52184.968310000004,1
23890.106340000002,63651.10869,0
24642.98139,59195.61136,0
24029.16605,63353.905739999995,0
23842.45885,60522.17077999999,0
19677.40063,51710.89893,1
24219.709469999998,62316.63838,0
20704.554669999998,52196.21211,1
23994.40047,61504.08685,0
19678.906469999998,51345.04716,1
19314.01785,51110.18717,1
24128.96825,61488.378229999995,0
24315.57044,62505.466029999996,0
23770.08501,60780.52744,0
24662.84923,62284.72109,0
19401.20408,51721.70708,1
24193.26405,63213.66907999999,0
19674.2766,52931.39335,1
20288.479519999997,54627.48089,1
20170.19962,51995.70817,1
19682.01921,52875.3322,1
23946.939169999998,63106.42082000001,0
23845.01777,62325.106210000005,0
19595.297290000002,51127.15449,1
24455.82661,61478.06899,0
20738.10175,51937.14198,1
23223.38061,60740.78535,0
19894.79966,52002.73401,1
23976.67614,62226.24672999999,0
20147.21952,52240.213910000006,1
23810.64198,62221.91039,0
23923.70463,61918.23445,0
19871.897930000003,53865.84351,1
24038.22521,62218.27043,0
19971.65133,51329.44803,1
20131.375809999998,51746.20577,1
20193.7654,50557.74313,1
20300.93089,54017.58624,1
23671.668690000002,62206.78885,0
23944.314919999997,62101.41161,0
20320.98561,50796.25942,1
24292.28579,60153.09598,0
24577.65155,62106.73084,0
19551.72103,50488.465039999995,1
24065.768509999998,60642.86604,0
20064.01843,53779.71219,1
20408.49854,51222.78707,1
19786.57678,52398.782439999995,1
24438.74681,62325.42179,0
20003.136280000002,52014.65361,1
23725.603619999998,62867.46527000001,0
20575.487390000002,52199.94742,1
19898.32285,53573.001260000005,1
24000.26789,62158.11132999999,0
19934.55735,50228.61584,1
19966.1741,49624.7332,1
24104.85932,60449.42348,0
20075.47178,51903.31725,1
19904.48376,50790.03288,1
23900.64344,64632.29901,0
19607.15125,51782.64273,1
19541.71016,51058.65133,1
20072.240690000002,52787.40697,1
23715.5525,61648.66199,0
20374.62596,51473.46886,1
24136.30631,64675.3608,0
19420.95845,51192.21002,1
23580.68685,62550.4254,0
20283.92157,52481.518260000004,1
19928.0544,51119.350739999994,1
23718.07532,61822.72665,0
19948.89946,50311.39178,1
20066.64518,51900.06319,1
23282.55795,62371.797320000005,0
19379.93626,51954.69866,1
24233.75924,60296.293,0
24503.81061,60931.5849,0
19377.87629,53661.88168,1
24276.42012,59713.85562,0
19415.68639,50534.390830000004,1
19857.16346,49681.76907,1
24530.034209999998,62708.454079999996,0
20677.44003,53482.024410000005,1
20282.25863,51097.35506,1
23970.060690000002,61799.01089,0
23823.93503,61958.36667,0
19727.6168,51814.624319999995,1
24155.20627,62730.869320000005,0
23874.27964,62887.69742999999,0
23843.8434,62852.672529999996,0
24479.26672,60421.26308,0
20897.14458,51538.974389999996,1
24014.22351,61963.553929999995,0
20277.76929,50938.02495,1
23761.69615,65781.02997999999,0
20163.82114,51505.50303,1
24111.97466,60437.08137000001,0
24483.79521,62309.6493,0
20743.84651,50834.599460000005,1
24203.09673,62154.78646,0
23976.58935,62620.4547,0
24638.33081,63732.19914,0
24116.19719,63691.116910000004,0
23131.884830000003,60403.01595,0
20347.754780000003,52069.08595,1
23975.93149,60198.326870000004,0
24354.84658,62275.79596,0
20131.26587,51132.786810000005,1
24225.22663,62154.457579999995,0
19430.10517,51298.18109,1
23973.31389,61097.5837,0
23768.69855,60584.045620000004,0
23634.78444,60739.38162000001,0
20287.92741,51177.0871,1
19726.7663,53567.82061,1
19790.92412,51929.26221,1
20305.49795,51995.27804,1
23838.19438,62957.26349,0
23980.021230000002,62077.96055,0
20101.84061,51305.76692,1
23894.81875,61724.75219,0
24539.19264,60436.41099,0
23857.460759999998,60725.322,0
19877.31305,51563.92367,1
24093.7812,62732.40092000001,0
23470.20689,61916.741429999995,0
20253.44705,52867.41016,1
19914.933419999998,51525.03763,1
19959.37075,50148.07762,1
23899.89476,60919.28563,0
23871.579530000003,61080.05855,0
24519.61582,64137.43611,0
24252.65914,61770.77274,0
19215.94344,49279.76168,1
20910.33222,50147.66474,1
24309.456430000002,62257.546310000005,0
23776.71312,61586.379660000006,0
24249.06,62010.096260000006,0
19776.16604,51755.61552,1
24318.87875,58751.8373,0
24218.117140000002,59305.639610000006,0
24431.62195,61586.85995,0
24279.93024,63090.97758,0
19598.35375,51723.35507,1
23337.79114,61778.31167,0
24149.96618,62173.60701,0
24864.767509999998,61099.97396,0
24291.8873,62611.57935,0
23831.743140000002,61959.26847,0
19690.58687,52459.19697,1
19585.70902,51875.56828,1
24552.15731,62062.38351,0
20259.63472,51970.74138,1
24707.0828,62968.68274,0
20238.184080000003,53048.91711,1
23956.06467,61488.32053,0
23785.4462,63794.481120000004,0
24004.37707,62118.25972,0
24127.047759999998,61437.41305,0
19925.02039,53111.51575,1
23953.71409,61873.10784,0
23712.14387,62262.249579999996,0
20515.593419999997,50688.26842,1
19949.83136,53796.79139,1
19986.993590000002,54507.53189,1
19601.11147,52316.940010000006,1
20351.32326,51617.38948,1
20094.98486,52733.93235,1
19949.34289,52025.80425,1
20051.90352,50525.50297,1
20513.86461,51610.380789999996,1
20598.134430000002,50650.24387,1
20104.196069999998,53739.50807,1
19978.98925,53032.82724,1
20546.3689,52019.54447,1
24595.26626,61135.64915,0
23777.173130000003,61106.09888,0
24329.42735,60310.0439,0
20550.45336,52454.715,1
19678.67033,53964.8313,1
20486.7901,53067.84093,1
20576.52707,52150.95319,1
19739.66108,52122.06204,1
19956.487709999998,52009.6684,1
19658.47967,51038.384710000006,1
24174.46362,61369.485779999995,0
24000.01929,62404.131839999995,0
19931.72524,51982.52443,1
19641.577080000003,51311.8047,1
23685.72809,61259.04422,0
24372.864540000002,61693.44911,0
20154.312469999997,51365.68221,1
24032.70533,61031.00581,0
20071.388430000003,53828.21814,1
23293.67701,62678.20514,0
23950.08875,62388.77047999999,0
24195.660509999998,61993.253189999996,0
24326.78968,61562.95631,0
24356.237540000002,62883.97489,0
24048.78317,60504.67542000001,0
24392.35329,61198.86796,0
24416.78,62862.69659,0
19848.91419,54176.251829999994,1
20477.95927,52051.86969,1
24996.8026,59990.76761,0
20343.32825,52036.84031,1
24055.12558,61714.878070000006,0
23643.6224,63539.42306,0
23710.79293,62640.201539999995,0
23791.13851,61619.12245,0
23873.5904,61509.254129999994,0
24208.14145,62016.701720000005,0
20071.413080000002,52844.14273,1
24497.6794,63424.576839999994,0
19224.27089,51924.543410000006,1
23282.95049,63995.06163,0
24468.02029,60303.33667999999,0
20025.417230000003,51701.45811,1
20491.57506,50541.63751,1
19636.379230000002,51247.78855,1
23570.77165,62545.85978,0
19390.62208,53738.848679999996,1
24235.99103,62853.0183,0
24059.67212,62325.424470000005,0
24291.112230000002,60443.044160000005,0
23944.66547,62372.41116,0
23723.63649,63450.08882999999,0
20089.775569999998,50862.394980000005,1
24543.33496,63424.434310000004,0
20335.29822,54340.1458,1
19892.14473,52651.09505,1
19854.471,52039.408910000006,1
20182.32391,53837.99945,1
19064.96829,50701.52158,1
24016.15698,62337.30444,0
23949.21035,63452.535229999994,0
24156.148540000002,62517.098679999996,0
20013.02105,52317.57112,1
23592.03075,61932.23057000001,0
20797.584130000003,52319.11613,1
19867.558109999998,52380.79333,1
23311.114859999998,60711.32011,0
19382.61722,51692.0972,1
19601.951080000003,52904.35909,1
23201.54571,59783.5071,0
20070.06088,53184.07701,1
24468.01332,61011.50436,0
23347.53981,64526.64844,0
19684.01325,52659.52579,1
24283.32256,61936.90666,0
19759.46142,51904.2837,1
24420.2736,59463.87583,0
24373.605519999997,60204.7589,0
25176.82522,61718.32294,0
19722.20375,53617.01399,1
23913.39735,62226.07731,0
23806.39402,63282.985310000004,0
23441.41774,64281.673129999996,0
19593.76055,49548.217339999996,1
23985.45689,62593.345689999995,0
23569.32695,61379.28744,0
23851.979059999998,61737.55617,0
23801.261469999998,60919.142439999996,0
19562.13497,53301.64663,1
24641.760580000002,61902.852510000004,0
19957.47457,51803.401060000004,1
19620.20412,50880.02695,1
19632.32581,51416.44532,1
23979.75731,62124.182929999995,0
19657.980190000002,51294.98201,1
19208.712519999997,53434.39878,1
20239.53891,52813.34866,1
20315.86216,52389.86059,1
22494.67425,61925.6546,0
24282.00215,63650.100320000005,0
24111.19959,62640.756989999994,0
23826.82565,62485.76462,0
24054.53249,61577.91266,0
19468.706319999998,53284.09556,1
24441.56481,61660.845129999994,0
19992.51572,54102.26379,1
20558.166390000002,51931.07155,1
19879.17549,51598.25133,1
19755.39255,53340.95335,1
20131.4607,53257.706210000004,1
19902.15148,50625.10852,1
24341.09533,61954.14539,0
19392.72136,49925.62375,1
24082.6706,61320.77843,0
24421.5043,61781.83304,0
19532.02922,51584.91086,1
24581.06512,64957.391489999995,0
24384.46111,61176.4425,0
24020.40883,62093.65901,0
20466.01887,51374.97665,1
23928.974619999997,63675.95451,0
24152.84002,63538.65229,0
24631.73817,60542.46539,0
23244.34264,61645.17712000001,0
23986.69103,60941.74182,0
19420.148830000002,52951.64387,1
19631.82135,52980.469560000005,1
19534.41458,51029.44753,1
23980.84881,60248.44477,0
19711.421309999998,52717.229060000005,1
24327.75467,60861.41473,0
19670.54802,52395.4678,1
19788.97075,52834.262610000005,1
20067.65064,52751.75417,1
23340.46683,60590.22937000001,0
23991.53497,60258.75206,0
20234.931109999998,52889.7695,1
24412.425,63065.81162000001,0
20858.71069,51087.50569,1
19491.21974,49900.68042,1
20350.157519999997,51567.38863,1
19951.92327,51806.81795,1
24911.754109999998,62951.25249,0
19786.38382,52430.085719999995,1
19396.399019999997,53479.77505,1
24353.16362,62924.58277000001,0
23582.61596,63175.7085,0
19536.64426,51059.15575,1
23237.75231,62502.16357999999,0
20288.26738,53344.60018,1
24635.08968,62382.254010000004,0
24028.104330000002,62558.5504,0
19998.18696,51695.59547,1
23608.86214,62547.71835,0
19627.85323,52782.09444,1
20673.85257,53059.683039999996,1
24699.80847,62811.907,0
19661.97652,52897.59169,1
24524.32323,63281.74601,0
19760.64079,53096.97913,1
23581.19668,63693.84505,0
23881.6368,60993.94881,0
20476.775380000003,48568.7231,1
20359.881680000002,49863.88336,1
23770.99241,63220.318439999995,0
20730.02994,50711.01395,1
24523.98831,64165.015929999994,0
19812.42514,50780.270710000004,1
24060.69579,62414.29575,0
24404.12595,62470.27425,0
24286.19248,62773.48157,0
19882.99615,54127.19186,1
19517.57028,50864.06613,1
19263.20248,53167.67885,1
24024.027169999998,63432.14094,0
24012.26597,62301.94324,0
20292.95082,49794.563310000005,1
23993.01696,62426.933320000004,0
19379.0308,52606.06488,1
20612.703859999998,52415.97324,1
24181.69508,62625.15289,0
19233.53726,52338.989539999995,1
19802.95696,52863.3803,1
23659.83666,61602.769120000004,0
23602.68751,63252.99945,0
20653.44604,51261.49664,1
23359.37871,61439.02425,0
20018.66551,51960.20281,1
23337.99593,60830.56639,0
23604.02585,61869.32672999999,0
23037.08378,59907.62216,0
19264.69444,53512.255,1
20506.739990000002,51147.24356,1
23636.08862,59592.46165,0
24243.16705,61533.8907,0
23345.53636,59502.13382,0
20720.25767,53637.08693,1
23857.208580000002,62028.65935,0
23915.80746,61413.384029999994,0
20271.520269999997,51711.83324,1
19590.65089,53330.797119999996,1
24627.34941,62083.161089999994,0
24345.46413,63189.518229999994,0
24093.77925,60663.78409,0
23517.79493,62486.324570000004,0
23852.62538,61693.29939,0
19894.37316,52991.95872,1
23655.9846,60017.999410000004,0
20501.72799,51998.2098,1
23801.97497,63065.79023,0
20842.18697,52000.66221,1
20181.43006,51439.70896,1
23655.140180000002,64313.2944,0
23997.62182,64393.212170000006,0
23097.47242,61664.31165,0
20050.98444,51456.06487,1
19182.360380000002,52142.25706,1
23858.6487,61356.310229999995,0
19652.57746,52203.94169,1
19160.17175,51870.07968,1
20137.17711,50060.73798,1
19919.3639,50323.1342,1
20710.59624,53044.363769999996,1
23648.6229,63230.2971,0
19999.643330000003,52239.75421,1
24514.45957,62356.8704,0
19805.59132,52687.00022,1
24067.740009999998,63392.2202,0
23209.64111,62162.97739,0
24342.841419999997,63061.84187999999,0
23759.876640000002,61990.52352,0
23774.76654,62276.28706,0
19969.25488,51915.829439999994,1
20058.54806,52957.66536,1
24463.14562,60737.90447,0
20194.716480000003,51860.20502,1
24276.78308,61628.70187999999,0
24132.36671,62828.09857,0
24419.97331,63250.431189999996,0
23621.66621,62900.20737999999,0
19407.461059999998,52642.70159,1
23481.88,60638.65511,0
19867.27594,50337.87534,1
23120.01468,61384.071220000005,0
23395.45839,62708.473320000005,0
24342.46584,62042.98583,0
23618.7985,60510.897560000005,0
19665.064130000002,53534.095910000004,1
23658.94517,61247.19325,0
19820.17747,52513.804619999995,1
20341.09452,53760.78799,1
23719.93489,61945.89272999999,0
20255.73616,49617.47801,1
19973.74027,51580.77046,1
20312.52514,50099.53142,1
23609.362090000002,62568.94224,0
24288.27792,62380.703689999995,0
23714.82125,63101.949160000004,0
24300.68386,63113.21715,0
19915.16905,51630.953460000004,1
19811.19975,52109.95323,1
24302.03917,62165.085629999994,0
24018.21475,62916.03936,0
20417.43284,51154.34742,1
23575.923619999998,59139.14611,0
24925.17757,62948.02877999999,0
20438.08961,51842.63705,1
23973.14866,61905.46374,0
20342.193580000003,53053.61689,1
24644.84775,61938.59097999999,0
23690.40538,61398.56292999999,0
23809.03769,61199.89257999999,0
23887.46915,64847.49652000001,0
23659.08494,63570.39776,0
24024.12705,61977.9602,0
24058.38875,62020.178420000004,0
24354.25634,63714.99809,0
20084.24434,54309.67277999999,1
19656.393509999998,51396.59892,1
19971.824940000002,51453.422119999996,1
24161.6913,62679.40002000001,0
23863.06094,65468.34141,0
19804.45957,52648.8896,1
20213.65503,50840.86435,1
23633.04715,59022.04399,0
23322.89704,63370.17592,0
20633.14526,51734.64675,1
19919.11606,51149.8144,1
20108.87819,51777.10164,1
23720.14428,63125.70351,0
19905.92418,51761.91621,1
20245.49455,52675.8664,1
24409.95603,64122.54083,0
23363.6793,62076.77296,0
23611.686009999998,61539.395939999995,0
20423.40026,53131.74656,1
23533.15566,63105.444970000004,0
19498.655130000003,52196.20372,1
19913.30253,51790.90534,1
20002.02098,52460.473,1
19630.17958,53010.578610000004,1
23822.70333,62740.39847000001,0
23988.06602,63722.5524,0
20484.51838,52450.36114,1
20543.29707,51862.198339999995,1
24567.66574,60611.419839999995,0
19931.175059999998,51702.72346,1
24435.89951,61092.240289999994,0
20392.20753,52322.53892,1
23444.66083,60794.21502999999,0
23471.96347,65417.79701,0
23991.24278,61184.46917999999,0
24254.51238,63272.492920000004,0
24154.20622,59878.15204,0
19609.04285,53801.38849,1
20087.54686,50070.92612,1
20454.963330000002,53392.86498,1
20576.33418,53651.86949,1
23821.56488,61345.86766,0
23968.56996,64170.344229999995,0
19038.744459999998,50796.82845,1
23408.37257,61796.67295,0
23754.46066,61888.6477,0
20000.72624,54344.777070000004,1
19926.85553,51407.23705,1
24100.5235,61237.6223,0
23635.57606,61345.10327000001,0
19636.662780000002,50932.9723,1
23648.35788,62970.237089999995,0
23729.625930000002,62524.55968,0
24563.22208,62181.115439999994,0
19704.0485,51148.72199,1
21229.625659999998,52813.73156,1
23436.61019,61356.95651,0
23645.51631,61614.402720000006,0
23742.69223,62222.877210000006,0
22776.30516,62035.78895,0
24352.237830000002,60633.51426,0
20060.83226,53896.953389999995,1
23755.53325,61740.87251,0
23791.05992,61251.29707000001,0
23516.1201,61347.40618,0
24755.31963,62856.19695,0
19154.56894,51440.21753,1
24210.08082,60190.18206,0
24043.76616,61142.96821,0
23851.426730000003,66277.16993999999,0
20111.49367,50453.63677,1
20807.04092,50757.80762,1
24801.4967,60859.40289,0
23693.35315,62678.96961,0
19144.24233,53023.02244,1
20242.26599,54136.85876,1
19614.18796,51163.2486,1
19421.78016,54681.30029,1
24732.501,60300.904760000005,0
24134.333740000002,60935.50231,0
24290.08855,62024.761860000006,0
24103.523559999998,61744.242710000006,0
19913.347990000002,50472.95084,1
24020.44837,63711.25574,0
20280.79228,50591.259710000006,1
19319.17081,50254.90711,1
19510.9924,54341.11121,1
19503.26449,53710.72725,1
23844.004380000002,64479.6849,0
23654.12136,62301.43802,0
19766.3433,50369.08516,1
20112.13956,50999.26049,1
24792.54886,60973.029870000006,0
23830.71947,59995.96781,0
20149.56164,55387.9943,1
20108.07518,53218.01829,1
24645.79641,63574.24381,0
20355.89176,51801.55145,1
19913.48931,53226.79629,1
23219.3735,63241.716120000005,0
23781.66236,62093.80315,0
20577.77374,49579.098289999994,1
20301.07721,52872.87923,1
20007.302,51738.26294,1
24454.26598,60113.459,0
20052.76397,52255.196039999995,1
24763.296580000002,62984.05599,0
20250.77745,52358.35348,1
20185.6673,51212.38027,1
19786.96379,51306.607319999996,1
23495.48785,60620.78931,0
23916.03134,62647.874,0
20587.97265,52146.03201,1
19558.64792,48530.80356,1
24127.301190000002,61137.87368,0
19838.16529,50646.67358,1
19640.37833,53895.75204,1
20047.72745,52859.63605,1
19453.9416,51871.5337,1
24176.57703,62020.035939999994,0
24430.16904,64884.59737999999,0
24096.239419999998,62226.235029999996,0
19981.68373,52236.60827,1
24312.01466,61839.893189999995,0
20305.996069999997,52366.072239999994,1
19826.27756,50763.890960000004,1
20288.706430000002,52825.48578,1
19695.16013,51169.50312,1
24379.68825,61030.955389999996,0
20239.52608,51567.55791,1
20535.88423,51083.13572,1
24071.48127,62386.82966,0
19000.50716,51155.8624,1
19884.70194,54072.0662,1
19651.41189,50884.08302,1
20056.790680000002,53342.350269999995,1
19916.682230000002,52770.73921,1
24104.49448,62608.7807,0
23657.21586,61786.068060000005,0
20524.55687,53132.97408,1
20312.05777,51204.52977,1
20319.031469999998,54343.03679,1
19408.102,49339.22063,1
20121.77563,51571.73955,1
24624.90061,60217.21359,0
24160.88182,60558.886739999994,0
19315.69839,49697.852419999996,1
24194.05715,62514.059279999994,0
19999.008690000002,52699.030439999995,1
20236.04258,50194.30147,1
23379.5725,60730.761210000004,0
19646.67191,52667.65971,1
24071.97001,64504.778029999994,0
19774.54216,53624.63197,1
19698.62526,51536.114610000004,1
23938.258469999997,61314.33206,0
20235.73488,51814.64422,1
19428.87253,53451.37111,1
19771.95191,51648.02759,1
24535.46099,62905.443889999995,0
23741.68076,62689.52592000001,0
19893.46749,53711.239089999995,1
20249.96606,51744.50895,1
20322.72242,52325.320719999996,1
24609.45703,63149.029729999995,0
19396.910480000002,51676.554169999996,1
24043.19487,62960.578929999996,0
23940.63641,62947.31007000001,0
24883.79509,61207.87642000001,0
20982.50002,50451.40618,1
23371.41565,61488.77721,0
24348.98207,63785.823229999995,0
23926.662819999998,61572.148420000005,0
20072.56685,52365.52014,1
20410.57507,51569.65857,1
18842.55848,52161.51866,1
20266.630530000002,51570.10931,1
23879.6816,62537.877270000005,0
24064.27614,64097.98284,0
24252.270269999997,61534.977029999995,0
19253.42309,51403.79812,1
24681.85034,63478.836220000005,0
19619.39086,51229.390289999996,1
20386.42965,50982.19035,1
24318.436719999998,62274.047479999994,0
19406.85136,52099.01788,1
24197.84925,61393.46179,0
24368.19368,61466.4426,0
19722.68811,49762.59012,1
19460.36789,52858.60096,1
23402.22167,62706.81314,0
23932.42773,63122.190279999995,0
20060.646569999997,50301.36563,1
19694.08279,50864.85802,1
20325.77482,53541.84436,1
23465.54816,61767.957420000006,0
24453.11233,61053.53958,0
20273.85183,51065.499339999995,1
20437.71618,53796.78272,1
20043.984230000002,51168.683710000005,1
20807.172319999998,51500.64808,1
23308.62361,62835.5484,0
24208.28083,61803.74559,0
20308.95653,53370.278589999994,1
24250.58119,58441.210139999996,0
19697.37446,52055.762539999996,1
23950.02805,61511.988489999996,0
24416.65698,62303.67234,0
24117.37769,61127.706320000005,0
20157.53636,51411.1258,1
20213.04682,51756.15305,1
23422.98518,59781.39536,0
20292.80344,52421.96293,1
23825.2441,61568.92838,0
23777.90466,61416.5609,0
20395.11359,52318.571130000004,1
19702.33004,51378.6032,1
19419.062009999998,51652.91295,1
20004.00473,51036.5292,1
24581.55813,59764.58173,0
24005.48232,60759.22701,0
19779.74655,53464.89634,1
19618.21311,51741.35073,1
20639.038669999998,51568.99562,1
19371.73707,54290.93339,1
19702.28631,50577.37122,1
19993.873040000002,52357.074510000006,1
19734.4291,51618.38136,1
23888.07807,62807.3592,0
19656.31706,55136.9825,1
23847.12585,62244.85697000001,0
24105.320490000002,61443.67356,0
19760.6273,51344.17625,1
23616.64247,62319.722989999995,0
23992.965819999998,62404.5139,0
24364.42758,62449.72151,0
20301.67371,51432.70595,1
24151.429959999998,61184.04334,0
19853.5231,50865.98583,1
19890.48192,52658.56345,1
19980.16056,50523.41391,1
23162.9752,60927.38639,0
23852.98932,61611.46695,0
24019.50485,62726.83991,0
20382.562319999997,51086.30275,1
24270.4596,63422.26594,0
20681.85166,51396.483360000006,1
19377.28226,51614.26707,1
20742.210180000002,52207.8189,1
19380.91489,50895.92422,1
23865.79318,63934.35712000001,0
20059.034190000002,52959.42951,1
23511.80291,61172.5909,0
20386.47455,52581.378619999996,1
19954.38327,51035.82245,1
19689.58395,53151.7301,1
20546.20707,51975.15152,1
19691.61807,51695.07318,1
23537.48299,62611.50614,0
20551.23831,52663.17461,1
24633.07867,62121.99412999999,0
23946.085059999998,61847.269739999996,0
24127.20926,63782.963339999995,0
20067.57646,53824.53747,1
20177.29505,51663.886419999995,1
19635.59224,51396.01526,1
23256.078869999998,63060.710020000006,0
20600.24263,51205.977380000004,1
24774.38146,63134.923870000006,0
23476.336909999998,62026.34224,0
23161.60939,60487.91729,0
24318.4042,60962.14187000001,0
23907.64402,61502.301779999994,0
20062.407030000002,51807.55094,1
25215.7524,63081.418470000004,0
20038.5583,50433.29346,1
23851.439290000002,63031.197329999995,0
20235.842080000002,53049.48089,1
23629.993290000002,61273.26435,0
20202.0329,50245.19382,1
23978.80736,61632.88656,0
23603.8228,59128.27813,0
20028.6075,53661.92899,1
20807.98555,51700.44754,1
24236.540419999998,62007.4028,0
19836.34778,52107.00306,1
19595.199380000002,52039.42024,1
19585.176180000002,51232.83065,1
23839.38373,61738.155629999994,0
20458.49805,53180.24247,1
24017.822659999998,62767.50476,0
19518.00474,53113.18725,1
23992.763909999998,63065.09371,0
24609.140330000002,61484.51999,0
19873.16244,53247.05973,1
19972.61233,50643.64945,1
23074.057930000003,62902.43881,0
19429.82799,53104.40617,1
19643.47727,51792.81423,1
19209.94118,52721.16832,1
20033.84696,51499.02362,1
19960.89649,51708.01348,1
19521.012469999998,53701.88838,1
24154.50697,61998.21515,0
24693.45664,61975.09816,0
20084.05428,55003.781839999996,1
19577.22944,51304.623510000005,1
20511.0119,50741.73334,1
23413.59166,62631.266429999996,0
19318.265730000003,52516.06439,1
23629.61636,61978.16577000001,0
19839.59387,51968.26425,1
19747.45436,51623.80385,1
24072.16709,63021.81149,0
24154.53253,62978.110420000005,0
19872.96186,50490.691139999995,1
23562.9951,58903.129010000004,0
20362.291540000002,51920.38063,1
24033.91017,61727.572029999996,0
19781.5559,53450.214289999996,1
23438.88229,63201.03402000001,0
23577.961769999998,62739.684989999994,0
24412.63624,63586.7041,0
20157.402159999998,50814.54883,1
23507.77625,64445.95236,0
20577.5451,53966.37021,1
24528.92615,62519.75909,0
24289.531219999997,59667.485329999996,0
20103.92876,53495.158789999994,1
19911.10814,51565.17863,1
24409.85401,62364.59485,0
20068.19584,51638.10839,1
23546.72537,62619.716010000004,0
24137.18042,61613.8128,0
24432.621880000002,60837.974220000004,0
19275.1623,51447.90903,1
24319.4038,63513.96374,0
19372.30415,54461.12395,1
24321.23268,62993.9758,0
23957.58191,61008.081470000005,0
19578.58552,51172.25841,1
20100.637440000002,52712.28109,1
20100.008319999997,51482.56711,1
24251.66566,60665.95111,0
20542.497580000003,52242.74413,1
23873.96988,61565.132079999996,0
19079.87,51401.80197,1
20184.38496,51611.8614,1
23870.82584,63969.47004,0
24029.16528,61913.20201,0
23580.75959,59221.82896,0
23440.539119999998,63222.696820000005,0
24185.757380000003,62722.89545,0
23754.617159999998,61604.64416,0
24096.405430000003,61500.01591,0
23670.275830000002,62117.77658,0
23872.88626,62166.68683,0
20085.78592,52354.07972,1
20273.64456,54089.0143,1
19676.90289,52981.99967,1
19940.6405,52348.19201,1
19795.26659,50851.98386,1
24465.68199,61480.2649,0
23907.97101,59180.35379,0
23880.43255,60246.094979999994,0
24262.871619999998,63750.74222000001,0
23557.018640000002,62307.11437999999,0
24326.22466,61558.11735,0
19350.91925,52412.13225,1
24276.99092,60058.733770000006,0
19760.37442,54243.211460000006,1
19860.24711,49690.41783,1
19756.298440000002,54313.494479999994,1
20192.46766,49686.89491,1
24326.954380000003,61470.51237999999,0
24120.90193,60591.22139,0
25030.3865,61032.273089999995,0
19546.19605,53464.61958,1
19880.153319999998,52389.38601,1
19708.669380000003,52827.363710000005,1
23885.20953,59613.57881,0
20566.30517,52261.70383,1
23472.13103,62502.83697999999,0
20236.04691,51677.1354,1
23709.50651,62362.9154,0
20094.14605,52318.32064,1
20114.75392,51927.947,1
24320.65894,59815.215820000005,0
20380.03959,51615.08605,1
19628.34922,49962.95393,1
19651.8014,50943.66779,1
20509.59349,52803.53785,1
24353.9216,62617.86812000001,0
23819.87087,60745.40901,0
20228.40227,51449.1225,1
23858.29044,61884.5514,0
24397.46745,62176.08266,0
20093.761019999998,50080.94431,1
24395.34034,60908.22495,0
23489.81452,59714.81352,0
19957.68838,54058.819610000006,1
24397.55213,61791.015779999994,0
19901.641819999997,50903.64647,1
19836.23546,51916.43521,1
23925.703840000002,63955.590729999996,0
20053.536219999998,53693.51937,1
19951.02313,52016.64834,1
23976.51448,62013.911739999996,0
23996.85441,61871.62617999999,0
19991.29452,52978.489630000004,1
19675.794009999998,54787.015620000006,1
24498.85424,63069.78483,0
24194.11796,60159.237279999994,0
24466.01805,62058.01045,0
23379.32915,62602.442429999996,0
23906.478740000002,64518.035110000004,0
24091.27685,60615.44937,0
24316.75117,59977.583020000005,0
20123.117,51962.837289999996,1
23943.93248,64152.301,0
20077.40043,51971.7167,1
19587.43138,52967.857,1
19959.01671,52352.36172,1
19195.10339,52362.81282,1
20146.87994,53657.251789999995,1
24318.854,63828.014339999994,0
24049.08179,63475.34332000001,0
19558.475980000003,52097.45616,1
20031.34903,51205.838489999995,1
19700.0464,51482.94354,1
19943.335890000002,51073.97733,1
24333.47909,62216.18711,0
23955.43118,61544.36445,0
23343.129869999997,62058.94691,0
23405.89174,61553.183979999994,0
20549.62884,52766.83831,1
24583.76598,60860.49174,0
24224.44302,61527.09305,0
23222.795830000003,62008.577679999995,0
23710.26788,61702.345129999994,0
23208.734669999998,63023.05185,0
20142.320069999998,53393.69211,1
25280.2395,61253.96285,0
23461.80155,63407.83866,0
19206.87435,51388.3229,1
20328.7452,52360.75414,1
23791.16907,61545.07653,0
20229.003780000003,52137.76407,1
24135.97433,59053.5601,0
19420.05976,51676.393939999994,1
19710.60121,50447.2913,1
19846.57349,53639.78634,1
19183.063309999998,53633.92804,1
19821.2714,52270.69958,1
24282.168859999998,61181.98372999999,0
20304.284209999998,50697.7634,1
23797.14447,61238.844710000005,0
24847.22813,63029.26674,0
19981.00506,53104.50754,1
19737.03364,50993.87674,1
23783.425059999998,62926.8114,0
24576.53022,62757.91862999999,0
20256.14835,52504.4399,1
24522.85743,60910.028589999994,0
24328.788780000003,61254.918289999994,0
20114.36954,53469.036889999996,1
19896.01992,52276.192339999994,1
23475.39001,62089.552879999996,0
19867.81897,51892.95692,1
23819.02636,61856.03256,0
20542.46283,49590.18589,1
24325.988569999998,61754.43025,0
24062.89616,61189.30206,0
20318.915380000002,52591.18155,1
24933.81418,62764.86715,0
20244.138580000003,52502.70765,1
20068.50967,51786.056189999996,1
23562.38976,64174.848,0
24021.07603,62643.96695,0
23799.59803,61022.1014,0
23606.87662,63375.30156,0
20104.95478,53237.31381,1
19788.93745,52289.28094,1
23654.80895,62113.18494,0
24858.82564,62855.477960000004,0
20046.25547,51115.28935,1
24215.34981,60069.40422999999,0
19927.30713,51456.03179,1
20980.517369999998,50873.93384,1
24199.602280000003,60961.08636,0
24377.31667,60433.75489,0
19444.57468,53776.637989999996,1
19255.71014,52217.381069999996,1
23488.80676,63207.934689999995,0
20493.11651,53369.447889999996,1
20099.8125,51703.15606,1
23847.47756,62357.358589999996,0
20149.209469999998,52414.77244,1
20312.61966,50646.46212,1
20230.43888,51092.73875,1
19804.27425,51459.05318,1
24514.30239,61930.133160000005,0
19504.906880000002,50319.36754,1
19240.89518,50991.2078,1
19534.22188,52924.83429,1
20436.90597,52734.56832,1
20227.38329,51176.10388,1
23927.35212,62267.69415,0
23805.00205,62541.78773,0
19757.779459999998,49981.51447,1
24427.00845,62442.83411,0
24504.84996,62120.9141,0
24014.984669999998,62152.52404,0
23630.93819,63862.79811,0
23836.4479,63579.04207,0
19896.3633,50751.58666,1
23930.1599,60403.63834,0
19693.88522,51212.4384,1
24223.07202,61299.01754,0
23615.59594,64636.720120000005,0
23700.26454,63198.29233,0
24081.42517,61187.398460000004,0
20991.72045,50765.11577,1
24254.609969999998,63202.724720000006,0
19900.84865,52656.49633,1
24054.32315,63087.925129999996,0
23542.999780000002,62262.26244,0
20338.64955,50763.65175,1
19709.52396,50567.09063,1
23743.89051,62140.684310000004,0
19964.38204,52154.52423,1
24522.5904,63992.499729999996,0
24063.1895,61957.62305,0
23788.02205,64186.12292,0
23352.21877,60583.19244,0
24274.50121,60031.10775,0
20074.08051,52681.426,1
23921.74976,63671.338729999996,0
20448.63293,51823.7429,1
20395.529590000002,52617.29508,1
23397.84991,62626.40456,0
24607.27116,62358.73495,0
24367.03099,61800.76036,0
19684.42671,51973.03902,1
19996.13161,51025.07323,1
23853.78605,62537.65594,0
24461.78326,60619.100770000005,0
20266.77535,52280.90854,1
24463.32528,61713.2705,0
23286.86671,60158.15045,0
20573.99226,51873.71913,1
20358.41387,52547.31269,1
24290.379259999998,64751.40297,0
20268.3762,52498.941660000004,1
20176.268959999998,52720.73695,1
23285.89733,59204.84413,0
24531.44485,60856.812789999996,0
19353.77737,54528.24258,1
19613.088480000002,48983.33631,1
19795.40041,51872.11695,1
23419.4627,61800.61949,0
24479.14398,62021.66032,0
19063.33694,52864.926889999995,1
20207.28599,53721.88047999999,1
23414.28623,60736.61916,0
24167.77009,61376.43973,0
19823.090930000002,52308.76111,1
20025.157519999997,50819.844639999996,1
19931.5828,50587.94006,1
24172.064459999998,60468.65232000001,0
19903.41085,52267.740639999996,1
20232.77872,52240.668860000005,1
24332.0539,60681.89715,0
23896.815740000002,62615.44345,0
19923.38671,48237.30429,1
24859.89955,63195.295939999996,0
23790.65824,62001.858270000004,0
24024.10189,62630.39647000001,0
19951.9283,53212.61925,1
19528.85393,51495.1695,1
24069.42514,63469.066210000005,0
20027.78487,53056.48945,1
24503.10795,63746.84025,0
24128.51475,63541.037110000005,0
24474.11275,61955.16427000001,0
23366.1922,63067.45809,0
19221.26408,50085.53968,1
19636.65661,51739.309030000004,1
20043.18337,52213.58139,1
19451.89086,54001.476839999996,1
23987.70618,62828.74397999999,0
24187.616990000002,63181.19135,0
23682.63132,60167.21795,0
24389.3972,61781.89046,0
19953.11791,51349.32211,1
20860.94785,51461.72715,1
23472.98101,62376.11358,0
24125.45691,60986.21667,0
20387.23536,54570.40911,1
23484.03914,60365.18826,0
20329.359519999998,50134.12086,1
23835.32416,61673.28639,0
19200.02954,53467.80941,1
19797.71619,53414.31263,1
23733.47043,62657.12554,0
24588.258009999998,61851.144029999996,0
19685.01342,52202.83111,1
20353.11103,51139.46856,1
20466.00404,52186.82475,1
25010.835769999998,59783.31884,0
20024.17064,50500.41,1
22962.81853,64668.21882,0
23917.65289,59704.52605,0
23775.40378,63100.76549,0
24203.53163,62607.89495,0
19289.19535,53351.937289999994,1
20246.982659999998,52844.60528,1
20683.44604,52366.96892,1
23974.54848,63177.04267,0
23676.11912,62085.52236,0
20404.93603,50922.436160000005,1
19805.99557,55343.6617,1
24128.337219999998,64311.53917999999,0
19770.03313,54547.0582,1
20798.20715,51300.846919999996,1
20552.07956,49614.67648,1
23707.48014,61801.162970000005,0
23423.39587,63690.2126,0
19890.390890000002,52454.475080000004,1
23958.03928,63075.45261,0
24293.41533,61324.740320000004,0
19553.013219999997,51354.8763,1
19455.53729,52571.05045,1
20308.19006,51764.70177,1
23158.90277,63107.135429999995,0
19689.65475,51759.66828,1
20135.300890000002,51539.110960000005,1
24106.21347,61119.37206,0
23623.935869999998,62950.33731,0
20178.86629,51302.969860000005,1
19854.78499,52537.162189999995,1
24743.441740000002,63260.24167,0
23860.952530000002,61036.33475,0
19765.79878,52817.89715,1
20367.9837,50716.79827,1
20065.4123,51577.07188,1
24291.80768,61779.591960000005,0
23573.89955,63692.09269,0
23874.25982,63682.94881,0
23967.27385,60846.43752000001,0
23387.145269999997,63408.294429999994,0
20288.18636,50050.313330000004,1
24077.221830000002,60717.75889,0
24018.672319999998,61852.31389,0
24069.30377,60326.40471,0
19364.518180000003,52860.49209,1
20748.87117,51982.57393,1
24418.07556,62008.82967000001,0
19662.22167,53007.38833,1
23786.48588,60888.68896,0
23759.62145,62091.47984,0
23596.24939,61344.59702000001,0
20653.667230000003,52010.33217,1
24643.15266,61612.3708,0
19869.499209999998,51525.05171,1
23783.48826,61720.798070000004,0
20117.3913,51903.6924,1
23250.83529,63425.46404,0
19450.676369999997,51308.92435,1
20881.15129,51271.469730000004,1
24416.75581,63989.0931,0
20296.59405,53656.38228,1
23327.4849,63382.04347999999,0
19867.80057,53949.15367000001,1
23857.081580000002,62443.612689999994,0
20395.57177,50931.53138,1
19232.05935,52109.78062,1
23857.3889,62613.5907,0
19539.7037,51926.02141,1
24472.13622,60392.50716,0
20518.14714,48460.48668,1
20285.60409,53475.264930000005,1
20759.05962,52143.36782,1
24268.37375,62290.77012000001,0
19766.81079,51281.28362,1
24374.37114,61545.38055,0
24586.658190000002,61413.45549,0
19305.51512,52719.58782,1
19395.79463,52442.54649,1
24536.29932,61811.525,0
23620.151530000003,60848.11762999999,0
24321.756859999998,62557.74589,0
19979.20681,54041.055029999996,1
24165.73575,63182.16446,0
24471.30668,60628.596139999994,0
19696.749630000002,51900.08298,1
19618.85221,55683.317689999996,1
19915.34893,52432.88164,1
19873.04074,52548.2773,1
24190.75494,61707.68774,0
20848.68663,53145.05,1
23877.97334,60748.747189999995,0
20088.94972,53066.79969,1
19506.241619999997,50690.16983,1
20163.81648,53841.37055,1
23968.54521,61526.90263,0
24236.73964,61817.652839999995,0
19833.47718,52952.452489999996,1
19906.71132,52344.512989999996,1
24415.87576,60635.0514,0
23863.734480000003,61324.93008,0
23924.755,62228.4781,0
23493.39706,62591.544570000005,0
23987.65894,61729.3658,0
19830.21592,53152.74493,1
20324.94995,51656.149410000005,1
20244.67802,52849.777460000005,1
19070.46097,51030.96114,1
23897.75942,61175.669270000006,0
23372.06333,60977.91024,0
20050.92366,50768.25904,1
23542.43892,62076.34325,0
20697.86409,51874.876260000005,1
23563.75849,62074.61496,0
23229.119619999998,62736.10106,0
23676.6822,59617.868010000006,0
20107.62246,52728.0807,1
24632.32683,63192.50603,0
23896.576869999997,62249.79418,0
20249.20034,50084.91568,1
20181.805519999998,50661.68522,1
19114.28016,49794.95432,1
19854.74516,52711.07093,1
23814.38856,60897.973979999995,0
20152.82859,52365.80852,1
19553.15683,51751.638119999996,1
20214.97768,51454.6242,1
24072.21201,61669.653439999995,0
23758.44832,63784.32815,0
20122.39434,51427.01824,1
24272.02311,62370.50354,0
24249.31944,60963.590670000005,0
19259.09198,50713.26202,1
20292.528919999997,52586.50629,1
23807.49354,62810.97278,0
24156.978880000002,64527.702489999996,0
24348.54209,63761.90818,0
24093.35342,60105.7771,0
20506.05072,53294.81819,1
23809.643509999998,61393.831060000004,0
19468.71117,51641.03401,1
24510.1942,62837.76192999999,0
24192.35438,61150.425879999995,0
23519.85193,62695.013779999994,0
20081.87031,51186.44984,1
20012.05814,51840.79701,1
24144.89895,62738.709310000006,0
24244.18084,62642.242029999994,0
19785.76238,54431.134210000004,1
23174.76885,61886.78702,0
24226.89292,61572.908489999994,0
23808.78853,62227.752120000005,0
20017.9793,50899.36266,1
19406.17691,52454.38958,1
23861.62138,62452.84925,0
23582.0563,60754.423310000006,0
20069.687469999997,50508.28209,1
23873.88267,61982.613020000004,0
20060.8288,51560.197089999994,1
23858.84693,60390.71943,0
24244.87019,61916.165779999996,0
24089.677969999997,63519.05556,0
23897.964809999998,64026.92085,0
20382.21931,52255.47134,1
24018.39178,61914.97274,0
24667.99646,62098.84243,0
20958.004390000002,51718.19133,1
24602.89617,63639.464589999996,0
24195.20439,61998.081289999995,0
20318.89095,49842.04824,1
23593.52322,62692.48502000001,0
23850.707019999998,63610.49277999999,0
23907.54435,60995.150689999995,0
19885.805480000003,51595.39929,1
24158.30542,62817.510460000005,0
23870.64775,62607.921220000004,0
20117.8365,50708.49007,1
20355.17416,50665.75465,1
23188.33186,62210.35267000001,0
20074.70344,55060.06935,1
24084.816740000002,62421.20842,0
20698.55791,54204.51135,1
19995.74345,52115.3658,1
19945.39172,51404.27084,1
20073.70865,51647.14174,1
19929.270809999998,53494.29415,1
20357.8091,51936.24843,1
20302.718380000002,49329.638589999995,1
24090.139040000002,62444.41217,0
19585.66236,52365.69265,1
20002.6361,49304.6724,1
23410.56096,63762.26839,0
20142.74292,52526.80112,1
24328.63938,62837.22501,0
20374.12235,52875.168560000006,1
19290.741130000002,52548.17533,1
24132.826080000003,61548.4178,0
24203.96068,62764.96563,0
23528.355519999997,63722.0374,0
19713.14275,52642.986880000004,1
20277.95331,51694.84235,1
24029.70737,61580.67615,0
20170.79722,51301.07232,1
23877.493280000002,59972.04935,0
19756.91015,50964.404,1
19271.53558,52829.36291,1
19816.89344,50813.7254,1
20153.60469,52171.56792,1
20146.3619,52837.3394,1
19898.40297,51466.84826,1
19847.701680000002,50809.77312,1
24693.93714,61248.869529999996,0
23806.83801,63381.806229999995,0
24401.26685,62649.0895,0
24124.02177,59462.00357000001,0
20169.99793,51638.85155,1
19845.93515,52504.83947,1
20008.19094,51913.64539,1
24137.05879,62489.95499,0
23998.923430000003,62171.15497999999,0
19346.81058,51634.64887,1
20487.92221,50392.53267,1
23517.62072,60527.38856,0
24103.34565,63227.278710000006,0
24190.44037,60261.60141,0
19677.35515,51683.79659,1
24074.91516,63511.28117,0
23919.5255,61792.89391,0
23580.76613,59955.99147000001,0
20234.94459,50841.81321,1
23718.03338,63105.87727999999,0
20441.64257,49686.63021,1
19900.21223,53290.1176,1
24042.51655,63400.998739999995,0
23907.11514,61958.30285,0
24056.31735,61503.178620000006,0
23952.8882,62279.441170000006,0
19692.99241,54558.7214,1
20059.61624,49625.6726,1
24368.74238,64238.58597000001,0
19850.80985,51729.96173,1
23831.507869999998,62156.92808,0
23243.2976,64428.46559,0
19939.4808,50352.513060000005,1
20592.03935,51748.32727,1
19800.138619999998,55584.447,1
19883.892030000003,51760.87326,1
24319.33776,62635.53079,0
20476.50504,51968.20847,1
23600.86403,61061.245610000005,0
19827.04204,50808.647280000005,1
20112.22935,52876.05582,1
23512.527619999997,60882.04859,0
24069.31524,62341.089179999995,0
22999.42645,62565.419389999995,0
23758.75505,62012.367210000004,0
19647.0946,51377.522489999996,1
19824.90634,51798.01507,1
24687.15442,62288.93381,0
19595.295990000002,51996.92987,1
19850.17134,50993.10862,1
20526.45291,52153.596260000006,1
24185.564619999997,61763.53601,0
23652.32358,63716.38741,0
23913.56269,61649.85306,0
20216.890919999998,50646.21611,1
24769.33701,61462.19111,0
19650.70623,51765.745460000006,1
20004.31339,53327.74272,1
23551.6965,59692.4619,0
23610.75631,60761.527989999995,0
20454.37214,52433.955089999996,1
20104.84083,50593.791339999996,1
19593.19083,53864.88824,1
23728.1334,59429.650929999996,0
24014.078269999998,61088.01661,0
24108.47656,62459.237460000004,0
20259.1652,52188.92255,1
20094.30377,52982.30956,1
20633.4607,52977.224180000005,1
20176.04404,51656.23699,1
23840.95198,62795.5274,0
24416.39847,63409.0441,0
19656.13262,51786.65361,1
19507.38289,51171.16175,1
23563.490380000003,62365.96996,0
19917.15955,53893.710439999995,1
23695.60642,62164.17746,0
24132.36243,62623.9133,0
20113.63337,51606.84676,1
24035.48473,61450.0336,0
20033.99237,54132.29298,1
23585.21169,61233.59602999999,0
23974.54278,62225.83059,0
19676.614709999998,51101.1847,1
23361.44874,61189.88963,0
23950.17138,61533.975170000005,0
19778.30458,50226.58674,1
19877.8836,51526.90822,1
24332.4539,61736.14005,0
19550.570519999997,52476.8988,1
19976.12009,53430.221789999996,1
23922.37955,64492.79298,0
23494.14762,61365.26764,0
24153.52013,62423.133120000006,0
24532.684680000002,60253.0893,0
19530.68399,52252.36325,1
24139.09633,61786.49642,0
19838.69843,52300.92999,1
23182.67281,62311.411270000004,0
23815.94946,62693.46516,0
23931.72129,62554.7962,0
24143.563140000002,62444.41496,0
20059.52827,51607.11793,1
19756.738719999998,52863.101839999996,1
20193.848430000002,53191.44294,1
23765.9348,62703.24401,0
20252.41388,53019.61505,1
19765.950569999997,51128.16346,1
20569.32948,51563.19667,1
24552.24427,63275.614579999994,0
24149.634159999998,62873.208470000005,0
20652.45739,52888.364689999995,1
24219.63944,60661.53796,0
23470.43594,61795.78812999999,0
24033.450080000002,63088.40392999999,0
20410.51178,51283.63377,1
20478.738530000002,51099.07399,1
20907.037080000002,50188.33026,1
20723.927219999998,53234.996139999996,1
19110.47014,53074.38527,1
19993.6874,50670.02711,1
19740.5135,51120.62929,1
19764.13542,50698.417669999995,1
24262.29193,61931.257110000006,0
24484.11706,63510.82804,0
23723.71162,62353.79471,0
20440.2651,53850.840339999995,1
20289.56436,52828.65513,1
24277.30616,60457.25847000001,0
19720.9346,50239.58824,1
20490.61307,53196.36772,1
23961.14825,61713.587960000004,0
24103.49379,62795.96788,0
24147.97225,62891.32007,0
24747.7285,62738.350210000004,0
20081.4197,51934.88577,1
24225.176330000002,61592.173279999995,0
20255.46298,52100.05893,1
20188.63817,51876.64851,1
20343.16276,53470.1106,1
20213.28587,51750.2308,1
20180.13591,52346.04062,1
19515.91964,50307.53615,1
20256.69873,52608.95762,1
20632.77756,51448.90096,1
20062.97241,51875.41357,1
23568.30704,61124.359070000006,0
20452.81801,53104.5113,1
23832.07362,63482.9672,0
20078.286,54545.53127000001,1
20045.35466,54076.091629999995,1
24269.53856,63266.733120000004,0
23365.20546,62899.10916,0
24208.57701,61041.9315,0
19940.34465,50959.49231,1
24042.60137,61634.29785,0
19449.03581,50025.38819,1
19678.79986,51167.75249,1
24055.43176,61750.74231,0
20205.31653,51656.77199,1
20007.57548,48646.574960000005,1
24201.30141,62595.17857999999,0
23786.81227,61122.057689999994,0
20198.426480000002,49893.89309,1
23441.24996,63411.604739999995,0
20486.466269999997,51789.31505,1
20373.03638,52382.893789999995,1
23577.2047,61757.95202999999,0
23711.0962,61255.261589999995,0
20356.093719999997,51105.466510000006,1
20226.51975,52608.93745,1
22949.24082,60820.65788,0
23756.050030000002,62053.91849,0
19854.32701,49980.65598,1
19314.8166,52556.0976,1
24462.02482,60411.65165,0
19711.64932,50810.4301,1
23726.70405,59454.3891,0
23729.22871,63394.89287,0
20732.584759999998,51371.81423,1
23928.99506,61112.03026,0
24243.42004,63769.00516,0
23824.072969999997,62275.95447999999,0
24623.47452,60473.95852000001,0
19491.5786,50591.17072,1
23897.95879,62658.599579999995,0
24397.5423,61318.37287000001,0
23457.84921,61563.188570000006,0
24411.35991,62266.53706,0
20044.48888,51266.3259,1
20362.07921,51323.01212,1
19688.49587,52115.69786,1
20360.61867,51422.90671,1
24410.37836,62677.12843,0
20275.78425,51347.22652,1
19468.939430000002,52749.394589999996,1
24167.497769999998,61174.19601,0
19175.619619999998,52118.01922,1
20456.73541,52033.66573,1
24449.37384,62947.85815,0
20486.88275,52683.22065,1
24094.79686,62064.33957999999,0
19425.22994,52867.7244,1
23900.27192,64133.62495,0
23283.3865,60847.31972000001,0
24163.81746,63590.87699,0
23235.193209999998,61687.11704,0
24689.34002,61588.93147,0
20262.121890000002,53132.36821,1
23464.17484,61186.204860000005,0
23991.76992,63055.41311,0
20250.32619,51203.15096,1
20375.65014,54812.87522,1
19612.32911,52310.6951,1
23859.8119,64544.36856,0
24115.3003,62844.17185,0
20370.47129,53022.42572,1
20329.78161,51169.97815,1
20483.70914,52047.25015,1
24485.59274,61956.69274,0
20396.29033,50935.74805,1
19660.50317,52902.93169,1
19901.719080000003,52377.53981,1
20349.65485,50758.6837,1
24711.284359999998,63403.08131,0
23854.79574,59538.26202,0
20022.85182,52703.270489999995,1
19592.30961,52781.89695,1
20200.55662,53348.92583,1
23743.991430000002,62428.0521,0
19462.27317,51820.40941,1
24588.25031,62367.52622000001,0
20250.362380000002,53014.45638,1
19586.37875,53666.456119999995,1
20081.39931,51941.64724,1
19816.83163,50522.02566,1
23801.50725,61490.498060000005,0
20486.755709999998,52037.542030000004,1
20096.08311,52156.34572,1
24273.34696,60208.00275,0
20509.31563,53660.35033,1
20131.706680000003,52071.66303,1
23363.86154,62405.0318,0
20122.51629,52547.85269,1
24232.43823,60891.2176,0
24344.45834,63029.4702,0
20093.96734,54211.79579,1
24042.09065,62215.53612999999,0
23709.240009999998,61294.089920000006,0
19876.52679,50045.02409,1
23720.63091,62664.578879999994,0
24348.3844,63133.74105,0
24407.16997,60219.106889999995,0
20060.55903,52634.79098,1
23317.63863,63224.72125,0
20165.41765,52177.06803,1
20257.589780000002,50830.69651,1
24345.422769999997,63294.89512000001,0
23763.100580000002,63709.7945,0
24379.958759999998,63585.37191,0
19406.78293,52969.93686,1
24467.58267,64181.151620000004,0
24003.73951,60204.47255,0
20699.62066,51957.6451,1
19388.10485,52749.438780000004,1
23967.94822,63776.6709,0
20033.83041,49935.20335,1
23784.56824,63588.17024,0
23378.024080000003,63834.06254,0
