,Price,Weight,Type
2764,36000,78000,1
2331,34000,54000,1
1619,27000,36000,0
264,23000,68000,0
2801,40000,66000,1
2857,31000,70000,1
3315,36000,40000,1
1482,33000,44000,0
2249,39000,46000,1
1925,22000,42000,0
1106,21000,86000,0
520,21000,60000,0
2603,31000,62000,1
2997,43000,50000,1
1761,37000,72000,0
83,28000,36000,0
1275,25000,38000,0
1964,22000,50000,0
2607,37000,68000,1
1729,22000,62000,0
2767,32000,50000,1
2117,22000,70000,1
1285,18000,56000,0
268,23000,80000,0
373,20000,40000,0
3747,28000,72000,1
3665,15000,82000,1
2104,28000,72000,1
2652,23000,36000,1
867,18000,32000,0
385,23000,50000,0
2012,23000,30000,1
2494,28000,78000,1
2339,33000,74000,1
909,34000,64000,0
1688,24000,42000,0
243,28000,44000,0
3950,37000,64000,1
915,26000,76000,0
1678,21000,46000,0
1045,31000,46000,0
1069,27000,44000,0
680,20000,42000,0
484,28000,48000,0
1177,24000,54000,0
2335,38000,62000,1
1261,27000,46000,0
441,25000,42000,0
1073,45000,32000,0
3150,19000,66000,1
1677,20000,52000,0
513,28000,62000,0
1193,28000,56000,0
894,23000,52000,0
3050,31000,62000,1
3525,36000,30000,1
40,34000,40000,0
3959,38000,70000,1
1699,21000,74000,0
3674,29000,62000,1
711,25000,30000,0
3691,45000,64000,1
2241,36000,64000,1
75,21000,78000,0
2356,33000,60000,1
2526,39000,52000,1
2649,23000,60000,1
3491,27000,52000,1
1007,21000,78000,0
2043,35000,80000,1
2471,34000,64000,1
3010,24000,64000,1
2198,38000,66000,1
2209,33000,58000,1
357,31000,52000,0
2383,38000,62000,1
1799,35000,80000,0
1640,23000,40000,0
1833,21000,48000,0
1993,23000,42000,0
2692,36000,66000,1
2830,35000,70000,1
3755,45000,90000,1
2633,17000,70000,1
1035,25000,60000,0
3108,35000,66000,1
3982,30000,70000,1
1592,21000,54000,0
2912,22000,74000,1
1107,27000,62000,0
2968,37000,56000,1
427,36000,42000,0
1341,19000,42000,0
1916,22000,46000,0
3696,35000,76000,1
2976,23000,86000,1
1589,27000,40000,0
3701,28000,56000,1
2278,22000,66000,1
1398,25000,36000,0
1199,19000,52000,0
82,37000,66000,0
1375,27000,30000,0
2791,25000,66000,1
607,22000,32000,0
3175,32000,68000,1
2166,38000,76000,1
1735,24000,44000,0
3438,29000,76000,1
3698,24000,60000,1
181,26000,52000,0
2021,37000,66000,1
1683,22000,58000,0
392,24000,48000,0
3095,24000,72000,1
3036,33000,62000,1
3676,29000,36000,1
1973,30000,52000,0
2778,35000,72000,1
3651,35000,90000,1
281,21000,50000,0
173,24000,64000,0
1075,20000,48000,0
1065,39000,46000,0
1286,22000,54000,0
1651,33000,44000,0
2440,37000,74000,1
2594,23000,74000,1
1360,23000,50000,0
3975,45000,76000,1
1454,22000,78000,0
291,18000,44000,0
3596,27000,40000,1
2904,28000,72000,1
3517,44000,56000,1
1399,22000,56000,0
2894,31000,90000,1
2132,36000,62000,1
3876,36000,76000,1
3276,31000,64000,1
1180,30000,68000,0
2784,33000,56000,1
3572,28000,44000,1
3447,36000,68000,1
698,22000,52000,0
854,36000,42000,0
1581,32000,84000,0
1943,22000,56000,0
3654,36000,60000,1
1433,22000,38000,0
1474,23000,48000,0
1602,20000,46000,0
3512,35000,62000,1
3785,38000,78000,1
2765,30000,74000,1
972,23000,46000,0
2046,31000,64000,1
1277,28000,42000,0
2511,37000,40000,1
3819,35000,42000,1
545,43000,72000,0
2663,40000,68000,1
2776,28000,60000,1
2774,35000,58000,1
1621,22000,42000,0
1555,17000,48000,0
330,28000,54000,0
1251,19000,50000,0
2058,37000,74000,1
2736,24000,62000,1
128,28000,58000,0
369,33000,78000,0
1000,23000,42000,0
3446,32000,82000,1
3781,43000,66000,1
302,35000,54000,0
2704,33000,72000,1
1001,24000,40000,0
3401,41000,64000,1
3604,29000,50000,1
2870,32000,70000,1
2588,35000,72000,1
2284,35000,66000,1
695,34000,60000,0
411,17000,64000,0
2930,35000,74000,1
2849,35000,66000,1
3433,30000,40000,1
3930,22000,72000,1
1219,27000,58000,0
2918,34000,88000,1
2289,39000,70000,1
1179,20000,48000,0
3103,36000,46000,1
2347,37000,78000,1
1746,19000,80000,0
1416,21000,42000,0
42,17000,38000,0
3623,35000,56000,1
2826,31000,74000,1
928,19000,50000,0
2487,25000,60000,1
3258,30000,76000,1
2575,36000,70000,1
3008,35000,72000,1
2656,33000,74000,1
3942,32000,72000,1
3493,34000,84000,1
375,19000,84000,0
2367,43000,70000,1
1756,21000,30000,0
1631,40000,52000,0
660,23000,42000,0
431,25000,66000,0
87,23000,46000,0
3041,26000,64000,1
1140,30000,38000,0
446,26000,44000,0
3908,35000,54000,1
3485,34000,72000,1
2165,23000,70000,1
2923,34000,74000,1
639,20000,52000,0
2078,25000,72000,1
2568,26000,60000,1
1956,25000,52000,0
994,23000,46000,0
3938,28000,62000,1
1614,22000,76000,0
2924,39000,58000,1
3009,30000,72000,1
2948,30000,38000,1
3619,36000,70000,1
559,37000,44000,0
3011,41000,62000,1
2064,22000,72000,1
553,23000,34000,0
269,21000,68000,0
1356,23000,50000,0
1609,39000,80000,0
1930,40000,76000,0
337,17000,42000,0
3553,35000,72000,1
213,20000,54000,0
2860,40000,76000,1
2596,35000,74000,1
3854,33000,40000,1
1473,20000,56000,0
1668,24000,50000,0
3052,41000,76000,1
794,22000,44000,0
1783,24000,42000,0
2610,28000,54000,1
3906,21000,52000,1
3487,34000,72000,1
216,20000,42000,0
1363,33000,62000,0
116,22000,42000,0
522,20000,42000,0
2773,31000,64000,1
3934,30000,60000,1
3138,37000,72000,1
3350,22000,76000,1
730,39000,46000,0
2417,31000,70000,1
2214,37000,60000,1
2553,36000,72000,1
3898,28000,76000,1
883,36000,46000,0
3672,36000,68000,1
1512,28000,38000,0
3835,40000,66000,1
1094,19000,34000,0
79,19000,56000,0
3692,24000,56000,1
871,22000,82000,0
2991,39000,66000,1
275,19000,48000,0
2203,37000,60000,1
2059,16000,38000,1
3143,38000,60000,1
2598,38000,72000,1
3562,24000,64000,1
2226,24000,76000,1
1808,21000,46000,0
2570,35000,78000,1
2866,23000,84000,1
1364,24000,54000,0
2025,37000,66000,1
1354,36000,76000,0
3547,36000,46000,1
49,19000,60000,0
1960,38000,62000,0
102,40000,64000,0
176,20000,30000,0
1726,25000,82000,0
3955,36000,70000,1
64,22000,38000,0
2009,37000,70000,1
965,39000,66000,0
3790,28000,62000,1
1866,21000,42000,0
2396,35000,68000,1
2787,30000,72000,1
506,21000,44000,0
3549,22000,56000,1
36,25000,44000,0
1340,25000,80000,0
3681,26000,66000,1
3745,21000,70000,1
136,21000,60000,0
2173,21000,72000,1
1029,43000,52000,0
1066,21000,78000,0
1693,20000,80000,0
3174,35000,70000,1
170,21000,88000,0
3251,42000,70000,1
2056,30000,88000,1
3411,29000,76000,1
3336,35000,70000,1
1352,24000,44000,0
1150,23000,70000,0
2531,31000,58000,1
476,23000,46000,0
2279,28000,70000,1
2593,40000,34000,1
2458,36000,58000,1
908,44000,40000,0
3212,30000,72000,1
2509,28000,74000,1
3507,35000,64000,1
3548,23000,90000,1
1918,45000,56000,0
1890,32000,38000,0
1556,28000,76000,0
2842,36000,56000,1
2305,37000,80000,1
214,24000,88000,0
1256,42000,46000,0
2984,36000,70000,1
2590,36000,66000,1
3200,36000,58000,1
3675,45000,76000,1
3812,32000,84000,1
88,26000,46000,0
1905,22000,44000,0
3160,38000,58000,1
1901,29000,48000,0
3035,30000,72000,1
2877,25000,56000,1
1504,19000,52000,0
3625,30000,36000,1
2030,37000,72000,1
1698,26000,80000,0
1189,22000,44000,0
1681,26000,82000,0
141,24000,46000,0
2250,36000,68000,1
1660,23000,64000,0
3158,36000,64000,1
834,21000,82000,0
2453,31000,72000,1
586,21000,52000,0
3988,19000,86000,1
1847,25000,74000,0
502,25000,48000,0
3956,36000,68000,1
1537,30000,64000,0
1635,17000,70000,0
912,21000,42000,0
2340,33000,80000,1
1974,23000,78000,0
2213,43000,74000,1
2674,31000,52000,1
3176,43000,76000,1
1151,34000,42000,0
791,18000,38000,0
1815,27000,38000,0
151,43000,46000,0
3858,25000,48000,1
424,19000,36000,0
3539,36000,76000,1
1378,30000,48000,0
2091,38000,46000,1
3397,35000,80000,1
2681,28000,62000,1
77,42000,88000,0
2750,26000,68000,1
96,24000,48000,0
3652,29000,56000,1
919,39000,66000,0
3634,30000,44000,1
1023,43000,38000,0
706,22000,48000,0
2095,22000,64000,1
371,17000,68000,0
1564,25000,52000,0
592,27000,72000,0
399,22000,46000,0
905,39000,56000,0
885,39000,42000,0
2154,33000,80000,1
2609,35000,74000,1
3855,31000,46000,1
2613,37000,60000,1
1736,28000,54000,0
1853,23000,42000,0
918,19000,42000,0
713,32000,78000,0
1431,22000,56000,0
2158,38000,70000,1
1391,27000,52000,0
2087,22000,58000,1
2389,20000,68000,1
3154,19000,50000,1
421,19000,48000,0
2589,38000,38000,1
913,21000,56000,0
2833,15000,58000,1
498,39000,30000,0
3645,38000,60000,1
813,45000,88000,0
2901,38000,74000,1
2730,37000,74000,1
2003,32000,64000,1
1031,34000,42000,0
1411,33000,50000,0
3389,32000,36000,1
945,31000,52000,0
2882,37000,40000,1
208,19000,32000,0
3236,36000,74000,1
3262,38000,58000,1
135,27000,46000,0
2916,24000,70000,1
1123,26000,42000,0
1822,26000,42000,0
3352,29000,56000,1
263,19000,54000,0
1265,23000,50000,0
3472,37000,70000,1
3068,15000,56000,1
3480,45000,70000,1
2259,32000,70000,1
3744,28000,40000,1
225,20000,30000,0
2053,21000,68000,1
2,40000,80000,0
1143,24000,44000,0
92,20000,68000,0
3976,44000,78000,1
1954,22000,38000,0
240,21000,42000,0
1639,22000,54000,0
3901,23000,82000,1
2517,32000,82000,1
3510,33000,46000,1
2446,38000,68000,1
3295,30000,60000,1
1751,33000,62000,0
3053,45000,62000,1
1469,31000,58000,0
348,40000,46000,0
1250,26000,42000,0
604,22000,46000,0
3440,42000,70000,1
3849,29000,60000,1
2026,33000,68000,1
3713,38000,90000,1
2465,26000,68000,1
1185,32000,44000,0
1063,35000,88000,0
1017,22000,50000,0
3929,32000,62000,1
3474,44000,70000,1
1689,44000,64000,0
2731,24000,70000,1
1439,33000,46000,0
566,27000,50000,0
2253,22000,62000,1
1733,39000,44000,0
1515,23000,44000,0
123,25000,74000,0
3286,45000,70000,1
2060,21000,38000,1
2207,39000,62000,1
3058,37000,90000,1
2408,43000,34000,1
109,39000,42000,0
344,28000,74000,0
3292,35000,62000,1
2518,34000,48000,1
2814,35000,68000,1
2914,33000,76000,1
1281,38000,40000,0
699,27000,58000,0
3407,33000,36000,1
2322,32000,34000,1
2805,35000,72000,1
2461,32000,68000,1
3603,26000,68000,1
2744,33000,76000,1
927,19000,40000,0
1158,21000,54000,0
2141,35000,70000,1
1780,23000,36000,0
2274,21000,72000,1
991,19000,72000,0
2264,36000,52000,1
2626,44000,54000,1
338,44000,34000,0
3593,34000,78000,1
3437,33000,68000,1
368,22000,40000,0
2149,27000,32000,1
167,22000,48000,0
1276,17000,44000,0
2008,34000,46000,1
2072,31000,60000,1
3798,38000,66000,1
1525,38000,46000,0
1947,36000,52000,0
2500,40000,62000,1
1923,22000,40000,0
3065,34000,70000,1
946,40000,44000,0
3461,26000,90000,1
2975,20000,74000,1
2521,37000,62000,1
1386,27000,56000,0
2035,33000,62000,1
3699,37000,74000,1
2655,35000,68000,1
3700,45000,56000,1
2298,37000,72000,1
2258,37000,68000,1
3358,36000,62000,1
1259,22000,84000,0
2491,35000,56000,1
1390,41000,70000,0
3719,38000,64000,1
1404,21000,42000,0
257,25000,38000,0
752,17000,48000,0
924,19000,66000,0
3592,21000,90000,1
3894,36000,70000,1
505,21000,50000,0
3714,16000,90000,1
1270,20000,38000,0
3107,39000,60000,1
900,22000,44000,0
66,34000,38000,0
2463,38000,70000,1
2897,37000,66000,1
2184,35000,68000,1
2227,32000,60000,1
2020,28000,80000,1
3196,36000,48000,1
2151,18000,72000,1
3554,36000,50000,1
2554,41000,60000,1
29,34000,46000,0
3451,31000,58000,1
3104,35000,44000,1
193,23000,50000,0
3856,35000,68000,1
3495,45000,56000,1
78,32000,40000,0
393,22000,42000,0
19,26000,48000,0
1706,25000,72000,0
111,21000,34000,0
942,23000,50000,0
1036,25000,50000,0
763,21000,56000,0
232,20000,64000,0
68,31000,32000,0
1308,23000,68000,0
297,22000,44000,0
3497,23000,70000,1
3387,34000,44000,1
47,23000,72000,0
3580,17000,74000,1
140,22000,38000,0
3101,20000,88000,1
561,23000,80000,0
3608,29000,60000,1
2725,36000,70000,1
2324,21000,56000,1
1109,39000,48000,0
1538,26000,38000,0
971,22000,40000,0
1552,23000,42000,0
150,37000,46000,0
3731,35000,40000,1
3330,36000,70000,1
3412,35000,68000,1
3882,29000,80000,1
1562,45000,44000,0
1520,28000,42000,0
1104,27000,48000,0
1049,21000,42000,0
2320,32000,70000,1
2186,23000,40000,1
1788,21000,40000,0
1015,19000,42000,0
1745,19000,86000,0
2269,21000,66000,1
1951,28000,40000,0
3653,33000,68000,1
3575,19000,76000,1
3607,29000,64000,1
1734,23000,82000,0
651,39000,46000,0
1828,23000,42000,0
1062,37000,36000,0
2817,26000,74000,1
315,38000,70000,0
3527,29000,68000,1
1545,24000,36000,0
2951,35000,62000,1
45,28000,42000,0
2134,35000,58000,1
1450,36000,50000,0
3927,45000,66000,1
1692,21000,44000,0
3891,35000,72000,1
1369,21000,64000,0
3542,28000,58000,1
449,23000,56000,0
1148,22000,62000,0
3543,34000,70000,1
1629,40000,42000,0
3087,45000,72000,1
428,33000,54000,0
3073,31000,50000,1
1233,40000,52000,0
3709,36000,68000,1
3689,40000,68000,1
3125,24000,88000,1
612,21000,54000,0
1669,22000,40000,0
2949,28000,78000,1
1623,21000,50000,0
3610,36000,64000,1
2608,40000,66000,1
228,25000,54000,0
1246,24000,58000,0
2201,23000,66000,1
1801,23000,46000,0
1460,27000,44000,0
2334,33000,70000,1
452,23000,38000,0
1634,21000,70000,0
1959,38000,60000,0
2729,15000,82000,1
458,23000,56000,0
1302,23000,42000,0
710,24000,42000,0
674,21000,56000,0
702,29000,42000,0
1709,38000,40000,0
255,20000,40000,0
941,36000,44000,0
981,21000,72000,0
2375,25000,58000,1
3116,15000,50000,1
16,17000,54000,0
3690,31000,56000,1
3135,34000,68000,1
3415,24000,46000,1
1561,23000,70000,0
2591,36000,84000,1
1438,30000,54000,0
2513,36000,56000,1
1990,37000,58000,0
405,24000,86000,0
3778,22000,86000,1
2090,21000,58000,1
2350,25000,58000,1
1468,27000,70000,0
403,21000,44000,0
1456,37000,34000,0
2858,27000,74000,1
1580,22000,72000,0
3791,36000,70000,1
1767,22000,36000,0
2987,22000,70000,1
3000,37000,40000,1
1624,22000,46000,0
2908,23000,70000,1
696,38000,62000,0
2221,20000,44000,1
1787,28000,72000,0
2109,20000,56000,1
571,28000,52000,0
3711,35000,36000,1
334,34000,58000,0
3506,30000,70000,1
3961,23000,66000,1
1298,30000,52000,0
1789,21000,56000,0
827,19000,34000,0
1832,18000,68000,0
2638,23000,76000,1
672,18000,36000,0
3537,36000,56000,1
1758,23000,44000,0
3899,28000,36000,1
608,22000,38000,0
3679,35000,60000,1
1952,26000,82000,0
664,25000,42000,0
450,18000,40000,0
817,31000,42000,0
1766,29000,52000,0
1197,22000,46000,0
3398,21000,68000,1
1338,22000,46000,0
292,33000,34000,0
891,24000,44000,0
2271,36000,76000,1
2841,38000,60000,1
671,39000,62000,0
398,21000,46000,0
2889,38000,80000,1
2075,26000,84000,1
708,24000,44000,0
2931,32000,68000,1
397,23000,44000,0
1306,27000,68000,0
1667,23000,52000,0
549,21000,52000,0
3557,35000,44000,1
3424,29000,88000,1
1050,25000,42000,0
2426,22000,62000,1
2927,40000,58000,1
2299,20000,34000,1
142,31000,62000,0
844,24000,34000,0
1594,22000,58000,0
1005,25000,38000,0
1486,19000,62000,0
3404,31000,48000,1
2230,24000,48000,1
2143,35000,68000,1
3146,38000,66000,1
2010,20000,62000,1
1503,27000,90000,0
2380,35000,60000,1
3021,37000,74000,1
2780,34000,72000,1
670,37000,74000,0
1130,30000,46000,0
2082,28000,58000,1
990,22000,80000,0
3832,31000,74000,1
3361,29000,50000,1
795,23000,42000,0
3994,35000,72000,1
3600,32000,60000,1
3372,22000,70000,1
463,20000,46000,0
3064,37000,52000,1
3369,37000,90000,1
76,25000,68000,0
1415,21000,54000,0
1704,30000,40000,0
3109,45000,70000,1
2407,18000,80000,1
2808,35000,66000,1
939,40000,46000,0
3265,37000,72000,1
131,22000,78000,0
1630,40000,70000,0
2205,25000,74000,1
3825,29000,78000,1
1697,22000,44000,0
833,39000,56000,0
1591,19000,50000,0
1868,41000,48000,0
1841,19000,50000,0
580,36000,46000,0
2757,35000,58000,1
1861,25000,50000,0
409,16000,42000,0
1089,33000,50000,0
540,21000,48000,0
646,20000,68000,0
3757,34000,76000,1
504,19000,50000,0
1128,38000,46000,0
2138,43000,70000,1
439,24000,54000,0
187,24000,54000,0
2759,39000,68000,1
2354,30000,74000,1
3904,23000,72000,1
294,29000,46000,0
2273,36000,60000,1
3846,41000,74000,1
3316,29000,38000,1
1026,22000,82000,0
2051,36000,76000,1
1652,23000,36000,0
3400,38000,70000,1
3056,26000,44000,1
3277,45000,58000,1
1257,23000,56000,0
84,21000,48000,0
2017,23000,54000,1
1365,21000,60000,0
1936,29000,82000,0
884,33000,88000,0
1690,24000,76000,0
1083,32000,72000,0
2027,29000,72000,1
465,23000,90000,0
967,36000,46000,0
851,35000,46000,0
1441,28000,52000,0
2617,30000,30000,1
1412,19000,40000,0
3270,45000,64000,1
3864,37000,34000,1
2537,30000,54000,1
3476,37000,74000,1
1147,20000,74000,0
2606,34000,50000,1
2687,33000,42000,1
139,21000,46000,0
2004,37000,74000,1
943,21000,60000,0
1913,23000,56000,0
2932,35000,56000,1
443,21000,46000,0
1550,15000,56000,0
1754,33000,46000,0
1011,22000,40000,0
1867,22000,48000,0
272,31000,74000,0
687,39000,48000,0
2206,36000,70000,1
3717,25000,58000,1
645,20000,64000,0
273,26000,44000,0
2116,30000,74000,1
2538,39000,40000,1
1394,26000,52000,0
3853,25000,48000,1
1494,39000,80000,0
3874,19000,62000,1
722,27000,78000,0
1228,18000,46000,0
2325,31000,50000,1
1984,23000,44000,0
2539,38000,66000,1
562,21000,44000,0
1987,21000,46000,0
1330,39000,90000,0
2810,35000,40000,1
2267,35000,44000,1
466,35000,50000,0
2691,37000,58000,1
2052,21000,56000,1
1888,22000,48000,0
2024,31000,60000,1
1187,22000,62000,0
1615,36000,46000,0
2837,41000,72000,1
1418,25000,40000,0
637,19000,38000,0
3878,44000,60000,1
1119,42000,40000,0
1839,23000,40000,0
2498,29000,74000,1
1196,25000,46000,0
3370,36000,60000,1
1557,22000,44000,0
3383,35000,82000,1
2739,37000,70000,1
920,18000,46000,0
3805,17000,90000,1
1220,23000,38000,0
2758,26000,32000,1
3140,34000,70000,1
2391,35000,58000,1
2039,36000,66000,1
804,40000,58000,0
1517,27000,90000,0
2266,36000,66000,1
2040,20000,70000,1
1744,25000,46000,0
3743,38000,80000,1
1021,18000,40000,0
402,21000,58000,0
969,44000,80000,0
3831,30000,70000,1
3365,24000,72000,1
3129,43000,50000,1
3794,29000,80000,1
1972,21000,46000,0
3599,38000,72000,1
1003,24000,56000,0
2921,36000,66000,1
192,40000,82000,0
3002,38000,66000,1
3893,38000,60000,1
3033,15000,38000,1
922,24000,52000,0
1430,22000,46000,0
1027,36000,34000,0
3132,28000,52000,1
1967,39000,72000,0
2329,35000,70000,1
2645,20000,72000,1
1057,25000,50000,0
155,41000,56000,0
1241,19000,64000,0
2074,33000,36000,1
236,21000,60000,0
1165,41000,42000,0
1864,23000,40000,0
3173,15000,70000,1
1164,44000,60000,0
643,33000,44000,0
3484,32000,86000,1
3477,38000,52000,1
1604,28000,52000,0
1231,32000,62000,0
2675,37000,76000,1
1584,21000,68000,0
2785,33000,52000,1
1821,39000,42000,0
989,30000,46000,0
2123,37000,64000,1
835,25000,48000,0
3245,34000,42000,1
2979,42000,46000,1
296,24000,36000,0
2133,17000,68000,1
591,39000,42000,0
3640,16000,72000,1
3826,35000,66000,1
2178,40000,76000,1
3639,35000,80000,1
2472,26000,58000,1
839,21000,42000,0
1324,22000,44000,0
1607,23000,34000,0
2121,35000,40000,1
3601,36000,58000,1
1329,20000,58000,0
3388,25000,70000,1
627,22000,60000,0
3428,34000,64000,1
1266,39000,46000,0
1103,26000,40000,0
1445,20000,48000,0
3238,22000,46000,1
1335,32000,38000,0
3993,31000,76000,1
3490,34000,70000,1
565,19000,84000,0
3149,41000,70000,1
2076,32000,70000,1
166,22000,46000,0
2243,36000,76000,1
1877,21000,38000,0
345,27000,50000,0
1429,27000,84000,0
743,22000,34000,0
2238,35000,90000,1
3573,26000,72000,1
2971,33000,74000,1
2713,28000,66000,1
3678,43000,60000,1
1988,26000,64000,0
1548,34000,76000,0
2726,36000,74000,1
1544,38000,40000,0
3827,30000,36000,1
201,19000,78000,0
956,27000,46000,0
1994,18000,36000,0
1774,21000,80000,0
2415,41000,74000,1
1133,22000,64000,0
342,17000,54000,0
2428,38000,68000,1
2015,37000,70000,1
3702,29000,72000,1
3025,35000,58000,1
1563,22000,54000,0
3612,34000,54000,1
3325,36000,64000,1
3038,18000,58000,1
