,Price,Weight,Type
2922,24000,72000,1
2874,39000,70000,1
3229,36000,66000,1
1111,39000,74000,0
2813,34000,72000,1
447,22000,46000,0
3799,34000,70000,1
2848,33000,58000,1
2118,21000,40000,1
8,38000,46000,0
3183,37000,56000,1
2419,39000,44000,1
2528,35000,74000,1
673,28000,44000,0
1611,23000,76000,0
3635,36000,40000,1
2535,26000,62000,1
3431,32000,90000,1
2399,31000,74000,1
2295,45000,68000,1
3209,17000,56000,1
2001,32000,30000,1
2960,34000,70000,1
1642,15000,78000,0
683,19000,50000,0
2752,32000,32000,1
568,17000,42000,0
1042,18000,50000,0
2829,37000,70000,1
800,28000,48000,0
147,21000,34000,0
1753,34000,64000,0
3045,36000,74000,1
1752,27000,44000,0
3299,28000,70000,1
1455,21000,42000,0
2788,25000,42000,1
3031,39000,40000,1
3144,35000,30000,1
3892,45000,74000,1
1718,35000,40000,0
1278,35000,78000,0
985,29000,40000,0
1765,34000,46000,0
3818,34000,62000,1
2578,37000,56000,1
848,31000,56000,0
775,21000,56000,0
1653,34000,60000,0
2236,22000,78000,1
110,17000,46000,0
879,33000,84000,0
517,21000,46000,0
2488,30000,44000,1
2405,35000,48000,1
2756,36000,72000,1
1457,22000,74000,0
2525,38000,72000,1
2695,29000,70000,1
2114,15000,64000,1
3949,45000,66000,1
2577,30000,70000,1
1610,27000,56000,0
3821,28000,54000,1
3909,29000,36000,1
3294,42000,70000,1
3366,31000,76000,1
1965,25000,84000,0
881,22000,42000,0
2929,32000,68000,1
3531,31000,70000,1
714,28000,52000,0
2033,36000,86000,1
3151,37000,62000,1
3405,40000,88000,1
94,24000,62000,0
3088,23000,46000,1
2293,31000,66000,1
1534,28000,44000,0
3710,32000,74000,1
3096,33000,40000,1
15,28000,46000,0
2280,37000,80000,1
787,26000,82000,0
1603,23000,52000,0
44,37000,38000,0
1380,28000,44000,0
2429,39000,72000,1
733,24000,42000,0
3218,34000,30000,1
256,28000,42000,0
3704,34000,72000,1
1720,28000,76000,0
1593,20000,42000,0
529,22000,44000,0
3857,35000,56000,1
310,31000,74000,0
1054,38000,64000,0
1583,28000,56000,0
2410,35000,72000,1
3051,35000,62000,1
2658,36000,56000,1
74,21000,42000,0
367,28000,40000,0
224,30000,42000,0
701,23000,42000,0
895,23000,40000,0
1304,40000,70000,0
3488,36000,54000,1
3923,37000,70000,1
876,23000,40000,0
1332,21000,42000,0
2066,34000,30000,1
2541,36000,70000,1
734,29000,68000,0
115,27000,74000,0
2337,34000,80000,1
2595,20000,52000,1
2447,33000,44000,1
2515,36000,58000,1
778,21000,78000,0
845,18000,56000,0
62,22000,36000,0
767,24000,72000,0
237,21000,56000,0
380,20000,76000,0
815,21000,50000,0
2803,16000,66000,1
2403,36000,70000,1
1161,23000,56000,0
911,43000,42000,0
2344,31000,76000,1
2223,36000,42000,1
797,40000,46000,0
3023,22000,70000,1
970,38000,30000,0
865,21000,42000,0
642,25000,54000,0
445,24000,72000,0
2933,18000,72000,1
2313,37000,62000,1
2195,31000,66000,1
3765,28000,42000,1
816,23000,56000,0
3813,16000,72000,1
2190,36000,58000,1
2218,34000,60000,1
174,22000,54000,0
2202,40000,42000,1
1863,20000,82000,0
3001,31000,76000,1
162,22000,54000,0
279,23000,44000,0
3816,27000,70000,1
1086,39000,62000,0
3657,31000,60000,1
457,22000,44000,0
577,35000,60000,0
85,21000,68000,0
3222,26000,78000,1
2793,26000,58000,1
2868,24000,74000,1
2261,36000,46000,1
12,20000,50000,0
3749,35000,30000,1
2450,36000,50000,1
3932,34000,74000,1
3004,38000,80000,1
2698,32000,80000,1
1232,31000,58000,0
1533,20000,44000,0
656,44000,44000,0
720,39000,50000,0
2157,36000,48000,1
386,27000,52000,0
3774,32000,56000,1
628,34000,44000,0
276,30000,62000,0
3186,33000,80000,1
3234,31000,62000,1
3102,29000,58000,1
2865,41000,70000,1
2724,27000,52000,1
3655,38000,68000,1
3469,37000,80000,1
3285,37000,60000,1
50,19000,40000,0
2343,33000,62000,1
808,28000,42000,0
1182,28000,30000,0
3693,31000,90000,1
1282,25000,40000,0
703,21000,56000,0
1701,23000,34000,0
2112,38000,74000,1
2092,31000,72000,1
3688,35000,60000,1
3059,25000,54000,1
3454,33000,64000,1
3611,34000,38000,1
2520,36000,68000,1
3081,35000,72000,1
1917,23000,44000,0
1510,23000,78000,0
3535,31000,42000,1
491,40000,60000,0
1321,27000,38000,0
3589,18000,68000,1
1034,22000,80000,0
1472,30000,42000,0
3115,23000,88000,1
3110,37000,54000,1
1396,25000,78000,0
2482,34000,68000,1
1492,39000,38000,0
2712,30000,70000,1
1342,27000,68000,0
2928,22000,72000,1
286,22000,40000,0
2542,37000,58000,1
3159,36000,70000,1
1793,25000,44000,0
567,21000,64000,0
226,25000,54000,0
1547,20000,40000,0
2275,31000,50000,1
765,32000,38000,0
1641,24000,48000,0
3952,23000,76000,1
1975,33000,40000,0
2715,30000,62000,1
694,32000,60000,0
3342,36000,36000,1
3953,22000,70000,1
2366,34000,40000,1
2312,36000,74000,1
3708,35000,74000,1
3165,20000,32000,1
1820,22000,68000,0
2485,19000,72000,1
3984,29000,64000,1
564,22000,42000,0
1982,22000,86000,0
3741,35000,68000,1
2321,21000,72000,1
3442,23000,72000,1
718,21000,74000,0
746,27000,44000,0
335,22000,36000,0
3538,30000,74000,1
3536,24000,74000,1
207,39000,44000,0
1849,23000,48000,0
557,39000,60000,0
2917,40000,78000,1
1755,19000,88000,0
1290,38000,48000,0
2642,28000,62000,1
3057,28000,72000,1
1243,21000,50000,0
7,19000,46000,0
1710,20000,44000,0
3460,30000,60000,1
1249,25000,46000,0
100,25000,78000,0
3616,35000,68000,1
2648,32000,58000,1
1830,18000,52000,0
3320,26000,90000,1
2943,24000,50000,1
988,22000,62000,0
3345,29000,66000,1
2822,41000,52000,1
3307,35000,36000,1
3664,31000,58000,1
2239,29000,64000,1
2716,26000,70000,1
3753,18000,76000,1
2986,30000,50000,1
3802,37000,76000,1
2270,42000,40000,1
3194,27000,64000,1
521,20000,46000,0
2044,36000,52000,1
3269,35000,56000,1
2886,30000,50000,1
2086,22000,72000,1
3420,26000,62000,1
3,34000,60000,0
3362,36000,32000,1
1962,27000,40000,0
1522,43000,44000,0
1267,21000,88000,0
389,27000,46000,0
2859,25000,84000,1
1372,19000,54000,0
455,31000,50000,0
614,23000,44000,0
2627,23000,40000,1
41,33000,56000,0
1945,19000,50000,0
1428,24000,42000,0
3991,36000,72000,1
22,27000,42000,0
2838,31000,38000,1
1542,28000,50000,0
2662,35000,62000,1
2892,36000,46000,1
716,22000,78000,0
1659,17000,46000,0
2336,27000,46000,1
2834,31000,66000,1
3740,45000,68000,1
2216,36000,42000,1
471,23000,44000,0
2885,32000,60000,1
1505,26000,46000,0
1040,37000,62000,0
1958,21000,44000,0
2974,34000,70000,1
1207,26000,50000,0
2111,24000,72000,1
1738,24000,68000,0
890,21000,44000,0
2818,23000,52000,1
416,25000,50000,0
3501,29000,44000,1
2763,37000,68000,1
1317,23000,90000,0
726,26000,40000,0
3624,36000,70000,1
1770,20000,50000,0
1135,27000,62000,0
196,34000,36000,0
3425,25000,90000,1
313,27000,54000,0
2709,29000,78000,1
2248,39000,54000,1
1009,28000,38000,0
3408,36000,76000,1
1206,31000,42000,0
2007,28000,70000,1
2093,32000,52000,1
3843,45000,60000,1
1948,19000,40000,0
2993,34000,56000,1
756,22000,44000,0
2449,37000,58000,1
270,25000,48000,0
290,21000,40000,0
384,24000,54000,0
3803,38000,80000,1
3666,39000,74000,1
2055,37000,44000,1
2977,23000,64000,1
2481,36000,36000,1
2285,24000,66000,1
2499,30000,70000,1
2798,36000,66000,1
2073,29000,74000,1
2672,32000,60000,1
3585,25000,90000,1
615,22000,56000,0
3581,45000,56000,1
1717,24000,30000,0
1807,20000,42000,0
1136,16000,78000,0
3128,34000,72000,1
1274,19000,34000,0
3979,37000,50000,1
298,16000,48000,0
159,20000,44000,0
381,22000,32000,0
3094,20000,80000,1
195,28000,46000,0
1869,26000,56000,0
2107,37000,70000,1
3671,29000,76000,1
526,22000,56000,0
1565,24000,56000,0
1625,33000,44000,0
1760,23000,86000,0
997,24000,56000,0
2696,35000,60000,1
3385,35000,72000,1
2881,15000,74000,1
1850,20000,38000,0
2101,26000,86000,1
2005,40000,74000,1
32,38000,36000,0
3971,30000,56000,1
2475,37000,72000,1
3801,33000,74000,1
1784,30000,58000,0
2353,25000,72000,1
3721,26000,48000,1
3305,24000,56000,1
2254,40000,68000,1
2290,22000,74000,1
2898,30000,42000,1
1527,26000,46000,0
3514,32000,72000,1
2100,44000,40000,1
364,22000,42000,0
3092,27000,40000,1
1175,28000,56000,0
3445,36000,70000,1
926,25000,74000,0
326,20000,34000,0
2390,23000,70000,1
792,26000,42000,0
3545,15000,52000,1
1258,22000,68000,0
2534,30000,32000,1
3705,35000,82000,1
516,38000,50000,0
3558,36000,72000,1
1406,35000,52000,0
3353,45000,70000,1
3032,28000,46000,1
3728,45000,38000,1
1210,43000,44000,0
2476,35000,70000,1
2510,27000,76000,1
3166,20000,76000,1
1348,23000,40000,0
2441,36000,52000,1
3123,15000,56000,1
1724,27000,78000,0
3935,30000,56000,1
1283,26000,38000,0
3074,22000,44000,1
803,40000,38000,0
3913,33000,64000,1
474,20000,46000,0
1108,27000,54000,0
3972,27000,70000,1
2061,29000,58000,1
623,26000,66000,0
2145,29000,70000,1
219,26000,34000,0
966,21000,46000,0
3663,33000,68000,1
132,22000,48000,0
1575,20000,78000,0
976,24000,64000,0
3131,42000,88000,1
2815,31000,72000,1
280,26000,36000,0
3459,38000,74000,1
221,34000,54000,0
25,27000,48000,0
3751,31000,72000,1
333,25000,58000,0
3375,22000,58000,1
3211,33000,70000,1
574,37000,50000,0
250,21000,58000,0
1768,19000,32000,0
2819,33000,68000,1
3896,35000,60000,1
3253,38000,64000,1
2745,42000,90000,1
56,22000,62000,0
1361,32000,50000,0
3479,15000,80000,1
2310,32000,64000,1
2110,33000,62000,1
65,22000,54000,0
3124,26000,74000,1
1910,45000,54000,0
3274,36000,60000,1
3434,37000,64000,1
3508,28000,70000,1
1757,17000,46000,0
784,31000,76000,0
906,23000,54000,0
322,36000,56000,0
3579,29000,82000,1
2225,34000,48000,1
3808,38000,72000,1
2685,22000,58000,1
420,25000,52000,0
1691,30000,52000,0
1157,18000,48000,0
2032,33000,58000,1
3727,31000,44000,1
3016,37000,56000,1
2147,28000,62000,1
524,31000,46000,0
493,26000,46000,0
2282,31000,70000,1
3225,33000,76000,1
893,21000,42000,0
958,34000,62000,0
3578,29000,76000,1
2256,35000,70000,1
1747,18000,44000,0
1334,39000,56000,0
748,43000,38000,0
3231,30000,84000,1
366,44000,52000,0
2170,37000,72000,1
3486,35000,60000,1
2444,25000,48000,1
1082,25000,42000,0
1084,31000,52000,0
2998,42000,56000,1
2643,45000,72000,1
510,39000,62000,0
198,19000,42000,0
1178,38000,36000,0
1367,33000,48000,0
3594,32000,70000,1
2771,32000,64000,1
2670,42000,74000,1
3275,38000,70000,1
442,28000,38000,0
3432,30000,66000,1
2735,32000,74000,1
806,32000,84000,0
2941,36000,74000,1
2683,39000,66000,1
1080,43000,56000,0
2630,17000,40000,1
1188,22000,54000,0
1318,23000,38000,0
343,28000,42000,0
2734,37000,30000,1
1458,25000,76000,0
944,25000,58000,0
2489,29000,84000,1
2193,36000,52000,1
503,27000,86000,0
2268,34000,54000,1
3216,35000,54000,1
1301,21000,48000,0
1126,24000,54000,0
1595,18000,56000,0
1884,41000,72000,0
3767,30000,90000,1
1311,22000,44000,0
2850,43000,64000,1
2973,38000,58000,1
977,35000,48000,0
770,19000,78000,0
3235,25000,78000,1
843,28000,56000,0
2182,30000,60000,1
1919,41000,50000,0
1935,34000,58000,0
2127,27000,74000,1
3662,22000,76000,1
1676,23000,42000,0
3814,27000,72000,1
138,22000,40000,0
3523,29000,72000,1
2245,44000,72000,1
3326,35000,70000,1
482,22000,48000,0
3872,31000,60000,1
3409,25000,90000,1
467,38000,40000,0
2839,29000,76000,1
3642,29000,56000,1
2671,36000,82000,1
1778,20000,54000,0
3426,36000,72000,1
663,37000,64000,0
2456,39000,70000,1
1068,41000,56000,0
2065,31000,58000,1
1383,20000,72000,0
2067,38000,32000,1
1728,28000,42000,0
2891,38000,70000,1
430,22000,44000,0
2342,30000,68000,1
3738,30000,44000,1
1213,24000,48000,0
436,27000,44000,0
1033,24000,48000,0
930,36000,54000,0
247,45000,40000,0
1105,19000,78000,0
304,23000,80000,0
2546,35000,42000,1
3859,24000,72000,1
657,40000,68000,0
3992,22000,62000,1
2556,32000,86000,1
164,22000,50000,0
850,24000,52000,0
1598,43000,84000,0
2666,29000,74000,1
3925,42000,70000,1
2690,34000,46000,1
124,26000,76000,0
3742,33000,68000,1
1444,27000,40000,0
2899,38000,64000,1
2558,38000,30000,1
3584,33000,74000,1
1567,27000,50000,0
1373,28000,46000,0
1099,31000,44000,0
1268,19000,44000,0
727,21000,78000,0
555,23000,66000,0
1162,23000,46000,0
973,21000,48000,0
2581,32000,60000,1
154,27000,38000,0
3563,32000,90000,1
2983,32000,46000,1
3054,35000,70000,1
3577,29000,36000,1
2582,36000,40000,1
619,36000,50000,0
3310,23000,60000,1
3082,43000,38000,1
1453,26000,32000,0
1568,20000,50000,0
2779,28000,74000,1
1516,34000,70000,0
104,21000,52000,0
3192,20000,42000,1
1114,27000,42000,0
1090,29000,44000,0
248,22000,38000,0
1902,19000,44000,0
3139,21000,76000,1
3609,26000,54000,1
2297,35000,56000,1
3040,33000,46000,1
1966,33000,42000,0
2179,35000,70000,1
700,35000,46000,0
3887,33000,62000,1
1312,45000,64000,0
490,32000,56000,0
2755,28000,78000,1
133,22000,36000,0
246,20000,50000,0
560,26000,46000,0
847,20000,42000,0
401,38000,70000,0
1402,31000,38000,0
779,23000,46000,0
773,16000,54000,0
2512,22000,50000,1
1041,27000,46000,0
2872,31000,74000,1
1322,24000,72000,0
693,20000,78000,0
2048,25000,80000,1
947,29000,30000,0
3423,33000,60000,1
836,23000,46000,0
2831,26000,46000,1
3828,35000,64000,1
1871,19000,50000,0
17,39000,32000,0
3823,34000,68000,1
352,25000,44000,0
2616,32000,30000,1
3243,33000,56000,1
2565,35000,56000,1
519,32000,56000,0
2646,25000,64000,1
3042,22000,76000,1
2954,38000,76000,1
3967,32000,64000,1
1237,24000,52000,0
3044,33000,68000,1
650,26000,72000,0
2083,29000,68000,1
3848,32000,90000,1
3368,21000,48000,1
1904,28000,44000,0
3018,29000,62000,1
2388,34000,56000,1
3304,40000,90000,1
3190,32000,74000,1
2844,30000,62000,1
3763,38000,48000,1
2077,35000,44000,1
1601,22000,54000,0
306,22000,38000,0
3890,23000,90000,1
2847,18000,42000,1
258,21000,78000,0
781,32000,34000,0
1307,23000,50000,0
3204,36000,64000,1
3966,45000,54000,1
725,24000,48000,0
3736,30000,68000,1
3239,25000,66000,1
285,21000,32000,0
1074,22000,78000,0
3995,31000,60000,1
729,18000,50000,0
2300,32000,70000,1
3048,36000,70000,1
1382,19000,46000,0
1616,25000,44000,0
3319,26000,46000,1
1442,24000,42000,0
3332,33000,40000,1
117,21000,48000,0
2294,21000,62000,1
1047,22000,48000,0
121,17000,46000,0
3284,21000,64000,1
231,23000,38000,0
1795,33000,38000,0
3386,20000,90000,1
1514,42000,54000,0
1526,39000,40000,0
1810,22000,80000,0
3668,35000,72000,1
1622,22000,56000,0
2464,21000,68000,1
2401,18000,44000,1
678,31000,78000,0
2873,34000,62000,1
2394,31000,74000,1
2019,36000,64000,1
2232,45000,56000,1
1323,22000,54000,0
856,20000,76000,0
3641,45000,74000,1
1280,20000,38000,0
2934,21000,60000,1
2445,31000,74000,1
239,27000,38000,0
2821,34000,72000,1
307,17000,42000,0
2315,35000,72000,1
3647,32000,90000,1
3750,45000,56000,1
119,19000,46000,0
3544,38000,68000,1
3489,15000,56000,1
3007,30000,48000,1
2781,15000,74000,1
3414,30000,74000,1
578,35000,46000,0
1749,28000,32000,0
95,25000,50000,0
831,20000,50000,0
387,25000,46000,0
3030,32000,74000,1
2985,37000,68000,1
987,17000,60000,0
2036,42000,76000,1
191,45000,66000,0
3080,30000,44000,1
1530,21000,66000,0
2247,33000,70000,1
1313,25000,56000,0
1355,22000,82000,0
3290,23000,66000,1
762,19000,78000,0
2374,28000,70000,1
1134,19000,42000,0
1739,28000,42000,0
2439,40000,68000,1
3644,32000,76000,1
1906,22000,54000,0
1172,19000,38000,0
2636,42000,62000,1
1914,24000,50000,0
14,38000,56000,0
3569,38000,72000,1
904,26000,30000,0
3787,36000,44000,1
3760,35000,48000,1
3582,43000,72000,1
3399,29000,82000,1
684,21000,44000,0
1543,20000,60000,0
444,28000,56000,0
1055,20000,72000,0
30,25000,42000,0
259,26000,44000,0
3735,28000,36000,1
2434,40000,84000,1
1056,38000,36000,0
204,28000,60000,0
437,23000,72000,0
1696,22000,40000,0
3452,32000,90000,1
3871,29000,60000,1
209,22000,50000,0
964,32000,54000,0
3098,30000,34000,1
2811,28000,72000,1
1064,22000,42000,0
3591,36000,72000,1
2792,30000,60000,1
3168,23000,62000,1
486,22000,46000,0
351,21000,38000,0
2935,21000,74000,1
3568,37000,34000,1
3863,45000,80000,1
2883,38000,48000,1
940,25000,32000,0
709,23000,52000,0
1857,22000,44000,0
3297,33000,46000,1
1848,25000,90000,0
1536,22000,90000,0
3680,31000,90000,1
2760,20000,70000,1
3335,25000,58000,1
2574,29000,68000,1
2747,37000,44000,1
2140,33000,86000,1
3725,34000,56000,1
3443,30000,72000,1
2880,18000,70000,1
1434,22000,74000,0
1242,27000,42000,0
2540,34000,66000,1
605,29000,56000,0
3868,28000,48000,1
1559,31000,46000,0
3382,25000,70000,1
2547,32000,44000,1
1606,26000,36000,0
1775,20000,42000,0
648,33000,76000,0
3947,17000,60000,1
472,20000,46000,0
2523,36000,60000,1
2103,34000,56000,1
3915,36000,56000,1
2966,33000,74000,1
1076,20000,82000,0
433,23000,60000,0
48,22000,36000,0
3998,30000,58000,1
1748,29000,50000,0
2718,36000,32000,1
3574,35000,56000,1
118,38000,44000,0
1874,26000,44000,0
1854,23000,70000,0
3605,33000,66000,1
1662,19000,36000,0
2244,16000,52000,1
527,35000,90000,0
1374,21000,50000,0
3395,30000,70000,1
165,42000,46000,0
3769,37000,72000,1
2612,25000,70000,1
3356,45000,60000,1
518,44000,64000,0
809,23000,46000,0
2467,35000,74000,1
2477,28000,44000,1
3298,20000,44000,1
2768,40000,74000,1
1060,20000,50000,0
3357,29000,30000,1
599,45000,38000,0
888,17000,46000,0
189,43000,64000,0
534,16000,60000,0
54,22000,60000,0
210,21000,44000,0
2418,35000,56000,1
790,29000,46000,0
3786,31000,62000,1
2867,35000,50000,1
1673,25000,48000,0
396,22000,34000,0
2373,35000,88000,1
3520,28000,52000,1
975,42000,46000,0
2580,33000,72000,1
968,24000,40000,0
686,21000,38000,0
2550,21000,66000,1
3565,44000,68000,1
2969,37000,48000,1
1100,27000,56000,0
576,40000,38000,0
2006,39000,56000,1
822,21000,80000,0
177,20000,46000,0
2455,38000,62000,1
2996,38000,72000,1
2573,35000,70000,1
2958,39000,40000,1
1279,26000,40000,0
1014,22000,76000,0
2427,35000,56000,1
3303,31000,78000,1
2706,23000,86000,1
1942,23000,44000,0
1052,40000,66000,0
3475,24000,44000,1
2363,30000,70000,1
2144,35000,64000,1
1524,21000,44000,0
1466,23000,38000,0
311,20000,62000,0
2089,30000,70000,1
3156,37000,72000,1
3885,36000,72000,1
631,28000,42000,0
1117,36000,42000,0
2720,35000,64000,1
3513,40000,56000,1
1131,22000,56000,0
2840,35000,74000,1
434,37000,46000,0
2800,36000,60000,1
459,31000,48000,0
768,26000,72000,0
1440,19000,58000,0
3912,23000,84000,1
2130,21000,52000,1
3730,23000,72000,1
2742,37000,70000,1
260,21000,42000,0
2532,23000,50000,1
418,17000,30000,0
3999,25000,56000,1
1479,27000,66000,0
1684,21000,42000,0
323,19000,34000,0
1804,21000,66000,0
1013,23000,36000,0
793,23000,38000,0
3766,45000,72000,1
825,16000,34000,0
3448,35000,74000,1
3418,37000,74000,1
3296,33000,58000,1
1260,28000,38000,0
3266,32000,66000,1
1006,19000,50000,0
1020,34000,44000,0
3118,35000,66000,1
754,19000,52000,0
1170,25000,82000,0
233,39000,76000,0
832,18000,46000,0
3483,16000,66000,1
853,26000,46000,0
2628,44000,30000,1
2120,42000,56000,1
2957,36000,60000,1
2836,30000,64000,1
689,27000,54000,0
632,28000,38000,0
2484,35000,76000,1
1730,19000,82000,0
1887,20000,68000,0
1613,18000,72000,0
2631,36000,74000,1
2506,28000,76000,1
3111,32000,72000,1
3900,34000,60000,1
160,26000,42000,0
3586,36000,40000,1
550,15000,56000,0
137,23000,56000,0
1397,22000,48000,0
2393,39000,58000,1
3761,15000,70000,1
2856,37000,72000,1
202,19000,38000,0
999,21000,58000,0
1596,23000,58000,0
1645,21000,82000,0
390,28000,74000,0
312,28000,52000,0
880,38000,50000,0
2727,37000,72000,1
2210,37000,74000,1
319,33000,56000,0
3189,21000,72000,1
112,18000,54000,0
1896,38000,48000,0
3338,22000,76000,1
3522,18000,72000,1
2600,33000,34000,1
2982,30000,90000,1
1576,28000,74000,0
2641,38000,74000,1
2068,35000,46000,1
2714,25000,72000,1
855,26000,76000,0
2719,37000,72000,1
1198,34000,46000,0
3340,35000,66000,1
2990,29000,38000,1
3788,34000,78000,1
3449,36000,90000,1
38,22000,50000,0
2425,38000,32000,1
253,25000,42000,0
3897,26000,60000,1
3733,28000,78000,1
760,31000,84000,0
1912,24000,78000,0
212,32000,42000,0
3748,45000,68000,1
508,22000,42000,0
3529,35000,60000,1
2341,28000,60000,1
3775,38000,38000,1
2972,36000,74000,1
2437,29000,60000,1
3421,32000,78000,1
2047,32000,50000,1
197,21000,58000,0
2884,19000,76000,1
144,18000,44000,0
2677,36000,70000,1
37,18000,84000,0
362,24000,76000,0
3028,21000,74000,1
3919,32000,78000,1
3278,17000,66000,1
262,22000,60000,0
2741,30000,74000,1
3066,35000,50000,1
1823,17000,68000,0
3683,36000,46000,1
3902,36000,58000,1
21,25000,44000,0
1513,22000,54000,0
1389,34000,42000,0
2728,30000,70000,1
1578,25000,44000,0
3560,21000,70000,1
3288,36000,44000,1
2231,38000,76000,1
3322,21000,78000,1
2529,35000,74000,1
929,21000,62000,0
1337,27000,36000,0
692,35000,36000,0
3205,29000,64000,1
3060,32000,46000,1
719,20000,80000,0
935,22000,76000,0
3852,36000,74000,1
3481,27000,56000,1
1476,28000,30000,0
573,26000,88000,0
419,29000,44000,0
1926,15000,68000,0
667,22000,54000,0
1038,24000,78000,0
1790,26000,56000,0
2964,29000,62000,1
480,22000,48000,0
501,22000,50000,0
2037,33000,58000,1
596,44000,30000,0
3084,35000,50000,1
1025,25000,76000,0
998,29000,44000,0
1388,23000,44000,0
1915,25000,52000,0
1924,36000,50000,0
3646,33000,32000,1
1666,18000,46000,0
2368,32000,56000,1
2014,21000,54000,1
3703,31000,68000,1
1944,43000,78000,0
3667,40000,70000,1
2063,36000,44000,1
2782,23000,74000,1
2167,35000,86000,1
1638,21000,38000,0
2180,36000,74000,1
533,34000,86000,0
569,23000,58000,0
1989,20000,64000,0
3551,36000,74000,1
601,22000,82000,0
837,21000,44000,0
3324,34000,72000,1
2653,16000,84000,1
1046,15000,38000,0
2421,36000,58000,1
2673,33000,42000,1
1393,32000,48000,0
3185,35000,60000,1
2766,42000,72000,1
759,20000,48000,0
1976,19000,66000,0
3830,37000,50000,1
215,19000,58000,0
3931,40000,72000,1
1908,28000,44000,0
2699,38000,60000,1
3910,29000,90000,1
2338,35000,66000,1
2794,24000,72000,1
1229,25000,44000,0
2862,31000,64000,1
3503,38000,72000,1
874,20000,50000,0
1403,33000,78000,0
2155,30000,68000,1
2199,36000,62000,1
2412,37000,86000,1
509,27000,44000,0
3590,45000,46000,1
2938,37000,64000,1
23,35000,42000,0
3127,32000,50000,1
464,25000,46000,0
2753,37000,78000,1
200,42000,44000,0
1223,18000,52000,0
2099,34000,60000,1
2988,33000,50000,1
2486,35000,68000,1
1983,36000,90000,0
2832,35000,52000,1
2365,44000,78000,1
932,29000,52000,0
90,33000,40000,0
3351,16000,76000,1
218,16000,72000,0
3632,29000,86000,1
2246,35000,70000,1
2502,39000,62000,1
2364,24000,66000,1
690,23000,40000,0
3941,28000,72000,1
469,22000,46000,0
2220,26000,84000,1
951,28000,60000,0
622,20000,62000,0
2623,25000,66000,1
2572,35000,54000,1
1502,36000,46000,0
55,30000,62000,0
1715,23000,82000,0
588,21000,70000,0
3844,33000,58000,1
1166,22000,38000,0
1794,27000,56000,0
3024,28000,76000,1
1072,27000,46000,0
3880,29000,64000,1
536,31000,54000,0
2355,29000,30000,1
993,36000,48000,0
1707,23000,38000,0
1829,23000,56000,0
3043,44000,60000,1
51,28000,38000,0
3187,32000,38000,1
1732,20000,84000,0
1214,21000,48000,0
1240,21000,38000,0
3247,38000,42000,1
2906,24000,60000,1
2457,31000,64000,1
93,30000,56000,0
2194,43000,70000,1
3293,24000,80000,1
2414,36000,48000,1
1986,30000,54000,0
691,20000,42000,0
3643,35000,36000,1
3287,29000,30000,1
383,34000,46000,0
234,35000,44000,0
2579,28000,74000,1
1769,21000,56000,0
3343,36000,62000,1
749,20000,50000,0
3583,17000,60000,1
3556,42000,76000,1
404,22000,42000,0
2333,24000,72000,1
1649,22000,30000,0
1843,20000,46000,0
780,19000,44000,0
3281,28000,76000,1
3264,23000,56000,1
802,20000,62000,0
3776,18000,90000,1
3394,17000,90000,1
3208,34000,50000,1
179,28000,80000,0
978,21000,50000,0
1211,21000,54000,0
1497,26000,50000,0
3207,24000,72000,1
3795,29000,70000,1
1511,36000,50000,0
3465,36000,68000,1
537,24000,44000,0
252,24000,62000,0
451,15000,62000,0
2761,31000,64000,1
523,25000,46000,0
1521,43000,46000,0
2098,38000,42000,1
1743,25000,74000,0
1351,30000,46000,0
3119,45000,72000,1
1167,23000,42000,0
2812,40000,72000,1
3020,38000,62000,1
1876,22000,64000,0
563,24000,46000,0
515,31000,54000,0
3928,45000,70000,1
3494,33000,54000,1
1288,26000,56000,0
241,25000,54000,0
3673,45000,42000,1
2480,30000,74000,1
3841,45000,44000,1
3328,26000,64000,1
3782,35000,66000,1
2561,39000,68000,1
488,24000,56000,0
1262,22000,64000,0
331,22000,50000,0
3062,17000,78000,1
625,26000,66000,0
3220,35000,66000,1
3309,35000,86000,1
1244,27000,34000,0
2723,40000,70000,1
360,19000,84000,0
1010,23000,70000,0
34,17000,52000,0
1059,36000,52000,0
1339,28000,32000,0
4,27000,42000,0
875,29000,36000,0
1366,22000,46000,0
3773,45000,72000,1
3834,30000,72000,1
2900,21000,56000,1
314,20000,42000,0
2895,29000,80000,1
2358,32000,74000,1
1528,27000,50000,0
271,26000,64000,0
356,36000,44000,0
3252,35000,72000,1
957,23000,46000,0
3214,35000,66000,1
2493,40000,56000,1
1826,28000,44000,0
460,27000,56000,0
1626,19000,38000,0
372,20000,88000,0
2330,31000,82000,1
3498,29000,74000,1
492,27000,46000,0
2085,35000,76000,1
2825,30000,68000,1
3806,32000,40000,1
249,36000,70000,0
677,23000,42000,0
2896,36000,62000,1
3595,35000,56000,1
511,22000,56000,0
3259,39000,74000,1
113,21000,72000,0
2876,16000,32000,1
1714,36000,66000,0
499,28000,44000,0
1098,27000,44000,0
1507,19000,72000,0
3121,33000,38000,1
2637,33000,82000,1
355,23000,46000,0
3312,27000,70000,1
2740,35000,60000,1
1349,24000,42000,0
1112,44000,46000,0
3875,28000,58000,1
541,34000,44000,0
3817,35000,66000,1
3526,37000,76000,1
3649,45000,52000,1
3850,30000,64000,1
1909,36000,44000,0
676,31000,40000,0
3881,38000,74000,1
2495,38000,68000,1
2879,36000,62000,1
936,24000,46000,0
2496,38000,72000,1
2443,37000,70000,1
134,30000,58000,0
1572,23000,54000,0
1599,23000,48000,0
2113,35000,66000,1
2153,36000,80000,1
2420,28000,68000,1
1992,17000,44000,0
1883,15000,46000,0
2507,36000,76000,1
3810,28000,32000,1
2054,28000,90000,1
2665,24000,72000,1
2504,33000,46000,1
2376,27000,32000,1
3466,20000,62000,1
3777,33000,44000,1
2156,37000,66000,1
223,22000,44000,0
528,26000,90000,0
2176,36000,48000,1
1814,26000,54000,0
188,24000,56000,0
3620,45000,90000,1
3532,27000,70000,1
2423,25000,78000,1
963,23000,42000,0
168,36000,50000,0
649,18000,58000,0
1401,22000,50000,0
2070,25000,64000,1
1898,21000,40000,0
1203,22000,84000,0
3122,38000,70000,1
2287,35000,80000,1
1127,23000,50000,0
1028,25000,56000,0
2635,33000,68000,1
1927,21000,46000,0
2327,37000,76000,1
2326,29000,82000,1
2597,38000,84000,1
432,20000,46000,0
3172,44000,72000,1
1792,22000,54000,0
1650,25000,42000,0
953,33000,56000,0
3726,35000,42000,1
740,39000,54000,0
462,21000,42000,0
3219,36000,74000,1
3888,37000,88000,1
1464,32000,52000,0
1636,23000,60000,0
3089,31000,82000,1
108,23000,56000,0
2462,32000,68000,1
1427,15000,52000,0
3181,35000,68000,1
2222,37000,62000,1
3283,33000,90000,1
3867,36000,38000,1
2452,26000,60000,1
741,41000,60000,0
2992,34000,76000,1
3250,28000,44000,1
300,39000,56000,0
1721,24000,86000,0
1862,19000,62000,0
283,25000,78000,0
1546,28000,38000,0
3241,35000,64000,1
2890,27000,66000,1
3206,31000,70000,1
1359,20000,54000,0
889,15000,42000,0
2738,20000,60000,1
1212,21000,70000,0
2786,29000,50000,1
496,25000,88000,0
3195,25000,36000,1
230,31000,42000,0
1289,22000,90000,0
454,26000,44000,0
1708,37000,66000,0
1574,26000,46000,0
251,27000,56000,0
1672,21000,46000,0
1811,19000,42000,0
327,21000,38000,0
354,39000,54000,0
3860,42000,90000,1
3145,36000,72000,1
2936,21000,74000,1
1806,21000,44000,0
1470,25000,42000,0
2079,36000,72000,1
2530,35000,30000,1
933,23000,42000,0
539,22000,52000,0
63,28000,48000,0
3017,32000,58000,1
3500,34000,48000,1
3255,19000,46000,1
3374,45000,56000,1
3944,36000,56000,1
629,24000,54000,0
2277,22000,58000,1
2192,43000,70000,1
1577,27000,76000,0
1981,19000,50000,0
735,37000,40000,0
81,21000,42000,0
1858,28000,46000,0
2946,41000,60000,1
2688,27000,40000,1
1779,19000,86000,0
3367,36000,72000,1
254,28000,50000,0
1462,26000,42000,0
611,21000,46000,0
3715,36000,70000,1
1501,18000,62000,0
652,28000,44000,0
284,21000,38000,0
3027,36000,66000,1
3321,21000,90000,1
2185,25000,62000,1
3756,36000,70000,1
3622,28000,66000,1
1181,18000,76000,0
2105,38000,30000,1
3659,28000,70000,1
1845,19000,50000,0
675,33000,46000,0
1345,32000,42000,0
106,22000,36000,0
2377,33000,44000,1
2432,33000,62000,1
1043,24000,66000,0
2304,38000,70000,1
1509,22000,50000,0
2438,29000,70000,1
1422,21000,88000,0
3758,33000,90000,1
914,16000,40000,0
983,23000,42000,0
2260,29000,62000,1
2634,28000,54000,1
2711,33000,78000,1
3636,16000,64000,1
2211,31000,64000,1
3697,45000,52000,1
2128,33000,64000,1
3990,29000,70000,1
3840,36000,60000,1
3968,45000,58000,1
3013,44000,68000,1
1129,23000,56000,0
1797,23000,70000,0
1208,29000,42000,0
1344,38000,54000,0
1941,24000,84000,0
1860,34000,50000,0
303,21000,48000,0
39,15000,50000,0
3311,41000,32000,1
2959,26000,50000,1
3289,29000,68000,1
3226,29000,42000,1
1149,23000,54000,0
3521,24000,30000,1
3221,30000,76000,1
579,43000,34000,0
2508,22000,34000,1
602,19000,42000,0
3907,33000,62000,1
728,31000,76000,0
2619,29000,72000,1
3658,36000,56000,1
2937,36000,70000,1
130,24000,64000,0
1921,26000,52000,0
317,20000,46000,0
1102,20000,44000,0
2251,35000,74000,1
3193,30000,62000,1
2172,30000,66000,1
1805,40000,46000,0
1032,21000,48000,0
107,41000,76000,0
647,15000,62000,0
2620,38000,74000,1
20,25000,48000,0
882,28000,56000,0
1053,22000,74000,0
917,22000,50000,0
3954,28000,62000,1
2701,35000,72000,1
661,25000,38000,0
610,32000,90000,0
3621,40000,68000,1
120,21000,68000,0
127,28000,72000,0
606,19000,60000,0
235,38000,30000,0
2369,35000,60000,1
308,25000,80000,0
1979,36000,82000,0
2576,34000,74000,1
1358,21000,40000,0
1183,19000,44000,0
840,27000,60000,0
3075,40000,72000,1
1600,41000,66000,0
814,21000,50000,0
1447,40000,42000,0
426,27000,40000,0
2013,31000,74000,1
3946,38000,72000,1
2789,23000,86000,1
1097,24000,38000,0
3090,33000,78000,1
3936,29000,78000,1
3847,32000,78000,1
3550,45000,68000,1
2564,37000,60000,1
1146,19000,58000,0
475,18000,52000,0
1674,21000,68000,0
126,22000,42000,0
1310,22000,78000,0
2296,36000,74000,1
1670,20000,54000,0
122,20000,44000,0
764,15000,42000,0
478,20000,48000,0
799,26000,46000,0
3985,36000,72000,1
514,21000,54000,0
2049,39000,78000,1
3223,28000,56000,1
1661,31000,74000,0
3661,32000,68000,1
481,36000,42000,0
382,29000,68000,0
3337,24000,58000,1
1264,22000,78000,0
1120,20000,80000,0
1796,21000,40000,0
158,33000,38000,0
1168,21000,44000,0
3509,36000,90000,1
819,19000,66000,0
1773,17000,60000,0
3003,29000,70000,1
18,17000,84000,0
2435,37000,62000,1
1813,29000,46000,0
1852,23000,30000,0
2204,39000,72000,1
2371,28000,64000,1
2163,38000,86000,1
812,21000,48000,0
379,25000,54000,0
3962,22000,90000,1
3965,45000,62000,1
712,20000,50000,0
2875,41000,56000,1
3161,35000,80000,1
654,17000,44000,0
1932,30000,32000,0
2228,27000,32000,1
415,30000,38000,0
1051,27000,48000,0
288,28000,62000,0
3771,35000,90000,1
3213,35000,44000,1
1713,20000,48000,0
2124,31000,74000,1
3301,32000,90000,1
747,41000,86000,0
3627,29000,90000,1
3257,30000,44000,1
877,18000,48000,0
0,20000,44000,0
798,27000,52000,0
1499,19000,46000,0
1762,29000,58000,0
3279,29000,74000,1
3341,28000,90000,1
2436,34000,78000,1
2252,17000,74000,1
2514,37000,78000,1
1837,25000,44000,0
2953,36000,70000,1
3723,38000,68000,1
2863,44000,72000,1
1553,18000,42000,0
2557,44000,74000,1
1523,25000,42000,0
3739,29000,60000,1
530,26000,68000,0
3618,22000,68000,1
1152,23000,54000,0
295,21000,78000,0
3133,44000,70000,1
3987,45000,50000,1
846,23000,44000,0
101,28000,40000,0
2276,23000,64000,1
2080,35000,84000,1
370,20000,46000,0
3546,35000,58000,1
2316,35000,86000,1
1061,34000,68000,0
2402,42000,76000,1
261,15000,58000,0
1238,26000,44000,0
1002,22000,60000,0
1759,32000,70000,0
1585,22000,80000,0
3240,37000,44000,1
2263,28000,66000,1
1465,37000,44000,0
1663,23000,56000,0
658,19000,42000,0
2503,37000,74000,1
1272,29000,42000,0
2783,42000,54000,1
3829,33000,70000,1
1633,21000,36000,0
2196,33000,84000,1
1408,33000,30000,0
3439,18000,66000,1
3254,16000,70000,1
3772,24000,60000,1
3980,35000,70000,1
685,23000,32000,0
3470,27000,66000,1
1058,27000,56000,0
737,19000,40000,0
558,25000,44000,0
3378,39000,72000,1
3656,38000,68000,1
3685,32000,72000,1
2737,26000,84000,1
1647,24000,40000,0
1186,20000,30000,0
3093,36000,32000,1
3473,19000,76000,1
2615,39000,46000,1
1192,40000,42000,0
3202,38000,56000,1
3308,21000,62000,1
2071,29000,54000,1
2314,35000,74000,1
3939,31000,42000,1
2119,15000,76000,1
2404,43000,54000,1
301,23000,56000,0
1405,25000,54000,0
3230,17000,38000,1
3055,27000,48000,1
1656,21000,48000,0
903,25000,50000,0
2392,44000,50000,1
1459,19000,42000,0
2490,16000,82000,1
3770,37000,58000,1
1737,26000,70000,0
3164,28000,74000,1
1703,22000,40000,0
2754,33000,68000,1
3783,23000,88000,1
644,29000,56000,0
2624,29000,68000,1
1145,39000,40000,0
544,25000,50000,0
2668,38000,68000,1
1110,24000,46000,0
2062,35000,60000,1
3067,36000,76000,1
1163,23000,78000,0
3768,31000,70000,1
2150,35000,70000,1
3100,29000,74000,1
1803,22000,38000,0
184,21000,38000,0
3997,35000,72000,1
707,23000,42000,0
1122,28000,78000,0
378,33000,78000,0
3391,33000,44000,1
245,22000,44000,0
3170,25000,56000,1
3417,36000,90000,1
1449,26000,42000,0
3406,30000,70000,1
31,21000,56000,0
152,22000,56000,0
776,21000,46000,0
190,23000,72000,0
72,33000,50000,0
1582,25000,42000,0
2571,37000,58000,1
1319,24000,50000,0
3540,36000,58000,1
633,20000,44000,0
3629,31000,64000,1
1657,34000,38000,0
1121,28000,44000,0
3917,31000,84000,1
2845,34000,32000,1
1664,32000,72000,0
531,22000,80000,0
3179,32000,72000,1
2265,38000,60000,1
587,23000,44000,0
3029,21000,82000,1
3136,34000,68000,1
3273,33000,60000,1
1818,19000,40000,0
3877,28000,90000,1
2519,29000,76000,1
413,18000,38000,0
2965,32000,90000,1
2454,24000,66000,1
3981,34000,90000,1
572,20000,88000,0
1153,30000,48000,0
1200,22000,56000,0
1071,21000,46000,0
959,35000,40000,0
864,25000,80000,0
859,23000,58000,0
3626,31000,78000,1
3945,35000,70000,1
732,27000,56000,0
2919,28000,56000,1
2888,38000,72000,1
2262,33000,70000,1
2605,36000,46000,1
3419,45000,84000,1
1350,24000,48000,0
1882,44000,46000,0
2286,36000,78000,1
2548,16000,64000,1
1872,24000,46000,0
3197,32000,50000,1
1004,21000,40000,0
3291,25000,90000,1
1627,20000,44000,0
1865,31000,32000,0
753,35000,44000,0
2978,36000,72000,1
1586,22000,70000,0
3380,24000,58000,1
1997,37000,44000,0
2543,37000,64000,1
758,38000,46000,0
129,36000,48000,0
3355,43000,70000,1
2796,36000,70000,1
3780,31000,48000,1
206,40000,68000,0
2820,28000,70000,1
2693,38000,44000,1
2981,33000,80000,1
3267,18000,60000,1
2878,38000,48000,1
3861,31000,62000,1
1491,27000,72000,0
3576,32000,54000,1
3602,15000,58000,1
860,25000,42000,0
1194,37000,46000,0
679,15000,62000,0
984,31000,60000,0
1791,18000,66000,0
3327,38000,70000,1
1443,19000,36000,0
3916,20000,90000,1
751,37000,42000,0
318,39000,44000,0
2345,31000,74000,1
2802,22000,74000,1
363,26000,52000,0
203,27000,46000,0
1953,24000,52000,0
824,23000,48000,0
2183,39000,80000,1
916,31000,90000,0
1294,15000,60000,0
1817,25000,46000,0
2944,37000,74000,1
1088,23000,52000,0
3182,33000,52000,1
477,22000,70000,0
1846,21000,48000,0
3815,21000,58000,1
1174,33000,74000,0
3272,37000,68000,1
1980,36000,62000,0
217,24000,84000,0
194,31000,70000,0
1723,33000,66000,0
1827,25000,44000,0
597,28000,62000,0
782,45000,78000,0
3724,30000,70000,1
341,38000,88000,0
593,28000,46000,0
1235,28000,62000,0
542,26000,50000,0
3177,36000,82000,1
1819,39000,44000,0
1686,40000,34000,0
2191,35000,56000,1
2034,27000,54000,1
1597,33000,48000,0
1920,20000,50000,0
2397,18000,62000,1
1963,18000,42000,0
3722,42000,72000,1
2920,41000,60000,1
1493,24000,38000,0
3334,31000,74000,1
1740,35000,52000,0
448,23000,48000,0
724,32000,40000,0
2940,34000,60000,1
849,21000,54000,0
1333,16000,50000,0
2913,27000,70000,1
1859,21000,36000,0
1549,21000,76000,0
1326,21000,46000,0
435,28000,56000,0
1727,28000,56000,0
2084,33000,42000,1
1776,22000,56000,0
938,20000,78000,0
1092,15000,38000,0
1928,28000,48000,0
899,22000,42000,0
2602,37000,46000,1
2483,33000,68000,1
1024,25000,42000,0
697,26000,80000,0
3811,35000,30000,1
1880,39000,46000,0
3746,17000,66000,1
902,21000,46000,0
1680,19000,68000,0
3163,21000,68000,1
805,39000,68000,0
771,39000,62000,0
1487,19000,40000,0
3456,34000,60000,1
2743,38000,66000,1
2361,35000,70000,1
2611,23000,74000,1
3838,38000,58000,1
980,24000,34000,0
1048,21000,54000,0
2567,32000,36000,1
1725,30000,48000,0
992,39000,48000,0
1385,25000,78000,0
1144,21000,44000,0
2963,27000,64000,1
1417,22000,52000,0
3331,37000,60000,1
3732,32000,46000,1
1410,21000,58000,0
659,22000,58000,0
71,25000,50000,0
1560,23000,40000,0
2907,37000,72000,1
3134,34000,48000,1
2255,38000,84000,1
3533,45000,70000,1
3402,35000,66000,1
2370,36000,72000,1
3869,36000,68000,1
1230,28000,44000,0
2233,27000,78000,1
1620,22000,50000,0
1030,28000,42000,0
2094,31000,60000,1
1160,23000,82000,0
10,33000,86000,0
3034,36000,66000,1
1579,27000,46000,0
329,31000,46000,0
761,37000,42000,0
2398,35000,60000,1
3047,28000,60000,1
1184,39000,34000,0
172,23000,46000,0
2108,28000,72000,1
3333,38000,70000,1
2659,25000,60000,1
870,29000,50000,0
1840,21000,70000,0
1420,28000,68000,0
1985,33000,72000,0
1419,18000,46000,0
2599,35000,64000,1
1931,28000,48000,0
3534,43000,72000,1
1648,21000,44000,0
3516,33000,90000,1
1125,24000,38000,0
1540,25000,64000,0
755,26000,68000,0
3232,29000,64000,1
125,28000,38000,0
178,40000,54000,0
1299,41000,36000,0
2406,37000,42000,1
2522,35000,74000,1
2106,37000,48000,1
89,30000,36000,0
1685,21000,46000,0
2843,32000,68000,1
583,22000,44000,0
2708,32000,70000,1
3130,34000,52000,1
3895,32000,72000,1
440,20000,60000,0
169,21000,46000,0
2551,44000,72000,1
1155,23000,42000,0
1424,21000,66000,0
324,18000,56000,0
1169,24000,42000,0
1498,21000,52000,0
3233,36000,56000,1
2639,36000,68000,1
3217,32000,62000,1
1938,23000,42000,0
438,22000,52000,0
3427,20000,48000,1
3650,22000,70000,1
1506,22000,48000,0
3587,38000,74000,1
3436,21000,84000,1
3789,34000,76000,1
1742,22000,80000,0
1327,35000,48000,0
1541,23000,64000,0
1644,25000,62000,0
2592,37000,56000,1
589,19000,46000,0
617,26000,62000,0
346,29000,52000,0
738,21000,68000,0
3271,41000,48000,1
3561,15000,64000,1
182,28000,40000,0
3198,42000,52000,1
3793,38000,64000,1
852,30000,46000,0
9,23000,76000,0
3120,33000,68000,1
2707,28000,64000,1
86,44000,52000,0
2372,31000,70000,1
1687,42000,46000,0
1224,24000,54000,0
1490,28000,76000,0
3069,20000,78000,1
1269,24000,40000,0
2925,35000,78000,1
3617,33000,46000,1
1950,25000,42000,0
807,29000,46000,0
1907,24000,54000,0
2689,30000,42000,1
1899,19000,52000,0
2851,37000,56000,1
585,20000,46000,0
1777,23000,58000,0
3800,21000,72000,1
921,21000,68000,0
2989,36000,74000,1
3393,21000,66000,1
1227,28000,80000,0
2045,23000,76000,1
2197,35000,74000,1
3422,37000,58000,1
3571,45000,46000,1
1569,23000,48000,0
2926,36000,74000,1
2318,44000,60000,1
3248,35000,68000,1
2680,23000,36000,1
2676,42000,72000,1
2137,15000,54000,1
869,27000,60000,0
282,20000,82000,0
1700,21000,44000,0
1900,23000,44000,0
485,22000,52000,0
1802,27000,48000,0
3606,33000,90000,1
1421,26000,38000,0
1291,21000,50000,0
1087,27000,52000,0
1922,40000,48000,0
3413,25000,84000,1
3566,18000,76000,1
3973,43000,70000,1
358,23000,42000,0
1101,19000,44000,0
2552,33000,72000,1
3026,22000,68000,1
2823,28000,66000,1
2122,40000,58000,1
1437,21000,54000,0
305,23000,38000,0
3921,27000,58000,1
635,26000,46000,0
3845,28000,58000,1
2215,44000,70000,1
2016,21000,74000,1
1632,23000,46000,0
1296,30000,86000,0
907,19000,42000,0
2732,28000,60000,1
1970,32000,42000,0
1939,22000,70000,0
1452,25000,52000,0
3615,34000,78000,1
3978,36000,68000,1
3430,36000,90000,1
826,24000,56000,0
175,33000,90000,0
3180,35000,70000,1
3441,31000,78000,1
2177,37000,74000,1
3960,30000,68000,1
2459,30000,36000,1
1991,26000,82000,0
1897,36000,72000,0
2584,36000,62000,1
2625,21000,66000,1
1400,36000,42000,0
470,22000,40000,0
2468,20000,72000,1
2887,40000,84000,1
2697,28000,66000,1
183,24000,56000,0
60,22000,40000,0
2694,32000,68000,1
80,23000,52000,0
3970,37000,54000,1
1309,30000,44000,0
1118,42000,80000,0
161,17000,90000,0
1995,34000,46000,0
681,31000,80000,0
2549,35000,64000,1
2828,28000,50000,1
1176,22000,30000,0
823,26000,78000,0
2235,37000,56000,1
244,24000,46000,0
898,36000,46000,0
3313,24000,84000,1
2229,37000,90000,1
3807,29000,56000,1
512,23000,72000,0
2306,35000,62000,1
3937,36000,72000,1
35,23000,62000,0
547,34000,62000,0
1532,21000,40000,0
374,24000,46000,0
862,42000,42000,0
3588,38000,34000,1
896,37000,52000,0
1336,22000,42000,0
1519,26000,62000,0
1741,41000,42000,0
1816,23000,36000,0
1379,33000,44000,0
148,30000,68000,0
157,38000,62000,0
3381,35000,90000,1
2382,37000,60000,1
590,22000,44000,0
3078,40000,60000,1
618,39000,46000,0
1731,21000,46000,0
2115,26000,56000,1
857,36000,42000,0
2994,37000,70000,1
3117,37000,54000,1
546,25000,62000,0
73,22000,56000,0
3797,37000,70000,1
887,31000,76000,0
1873,23000,40000,0
394,18000,48000,0
2797,15000,50000,1
1671,18000,80000,0
2824,40000,70000,1
1695,24000,40000,0
1095,31000,36000,0
873,32000,54000,0
630,23000,70000,0
3464,37000,60000,1
1376,21000,50000,0
1851,21000,44000,0
3347,28000,50000,1
3344,32000,84000,1
3638,18000,44000,1
1968,36000,82000,0
1831,26000,42000,0
3957,32000,70000,1
2466,31000,60000,1
1217,30000,62000,0
2309,29000,74000,1
2905,31000,36000,1
1682,16000,46000,0
3152,45000,60000,1
1077,31000,44000,0
2679,41000,40000,1
2702,30000,62000,1
1292,26000,88000,0
1287,21000,76000,0
2385,30000,76000,1
3637,27000,76000,1
634,24000,56000,0
103,23000,56000,0
1273,22000,42000,0
287,20000,38000,0
1940,16000,48000,0
1878,35000,76000,0
594,35000,40000,0
3070,29000,68000,1
3707,40000,56000,1
1618,23000,52000,0
377,19000,46000,0
3329,29000,56000,1
3614,45000,48000,1
3687,31000,58000,1
3453,32000,36000,1
1305,22000,50000,0
2131,35000,80000,1
2962,36000,64000,1
1331,19000,30000,0
3085,15000,54000,1
1855,23000,44000,0
3242,32000,68000,1
2644,36000,58000,1
2050,35000,62000,1
2678,32000,64000,1
278,27000,90000,0
1771,21000,44000,0
717,33000,40000,0
2795,32000,74000,1
2379,36000,72000,1
1316,23000,30000,0
2146,35000,72000,1
3006,29000,60000,1
2846,29000,56000,1
1573,27000,86000,0
982,22000,44000,0
3471,45000,62000,1
1426,24000,46000,0
1781,32000,48000,0
996,21000,44000,0
1508,21000,46000,0
1079,19000,48000,0
2762,28000,50000,1
3920,31000,54000,1
1571,19000,44000,0
359,18000,52000,0
3142,29000,74000,1
3866,32000,48000,1
723,41000,60000,0
2902,39000,76000,1
3148,45000,64000,1
2621,32000,64000,1
1236,18000,70000,0
1303,27000,78000,0
2775,36000,52000,1
3049,29000,36000,1
1320,23000,42000,0
2618,37000,76000,1
796,22000,38000,0
613,27000,52000,0
2967,36000,74000,1
2469,43000,74000,1
1998,21000,68000,0
1675,22000,48000,0
2586,23000,32000,1
600,24000,78000,0
736,21000,46000,0
2721,34000,70000,1
3300,20000,70000,1
3373,31000,72000,1
489,19000,80000,0
1893,36000,54000,0
3499,30000,46000,1
1190,24000,54000,0
332,22000,50000,0
3268,36000,70000,1
1012,22000,86000,0
2018,36000,74000,1
783,23000,44000,0
3940,29000,90000,1
2311,35000,72000,1
1022,45000,58000,0
1138,22000,78000,0
1353,20000,48000,0
2292,23000,40000,1
1252,36000,34000,0
3280,37000,64000,1
979,17000,56000,0
3686,37000,54000,1
99,18000,38000,0
2011,28000,46000,1
171,16000,44000,0
3282,38000,58000,1
3153,42000,64000,1
1019,21000,44000,0
1414,25000,70000,0
603,22000,70000,0
1209,27000,46000,0
2328,29000,76000,1
2748,36000,54000,1
3694,36000,72000,1
3106,30000,74000,1
3306,32000,34000,1
1248,39000,48000,0
1039,25000,42000,0
3660,36000,70000,1
2381,36000,56000,1
551,36000,42000,0
414,27000,76000,0
2769,31000,64000,1
3339,20000,70000,1
2661,37000,46000,1
3072,20000,76000,1
1446,34000,78000,0
3824,45000,80000,1
1895,20000,62000,0
3019,32000,56000,1
2362,36000,72000,1
3518,45000,56000,1
1253,19000,88000,0
2031,29000,52000,1
829,20000,42000,0
3349,43000,88000,1
923,19000,46000,0
2028,36000,56000,1
222,22000,42000,0
1483,39000,36000,0
3091,18000,70000,1
1705,21000,56000,0
842,16000,50000,0
1201,20000,44000,0
1362,27000,42000,0
2057,30000,80000,1
2470,24000,72000,1
2395,28000,66000,1
1750,40000,42000,0
739,25000,76000,0
423,33000,72000,0
1154,28000,68000,0
500,28000,52000,0
1856,19000,54000,0
609,22000,44000,0
417,21000,62000,0
3261,31000,56000,1
1448,26000,46000,0
353,21000,30000,0
962,30000,42000,0
704,22000,74000,0
1702,15000,46000,0
3764,32000,72000,1
3809,32000,72000,1
2772,35000,48000,1
3429,35000,60000,1
487,26000,56000,0
494,27000,44000,0
2451,40000,30000,1
820,23000,62000,0
3450,30000,58000,1
3567,18000,60000,1
3314,35000,76000,1
1933,23000,36000,0
2717,35000,64000,1
2516,26000,64000,1
2864,34000,36000,1
1216,23000,42000,0
2023,31000,42000,1
750,37000,42000,0
1612,32000,58000,0
149,28000,40000,0
901,35000,70000,0
3977,31000,64000,1
1475,21000,56000,0
3851,37000,58000,1
1413,22000,64000,0
1239,19000,88000,0
2746,35000,60000,1
69,27000,56000,0
3005,24000,58000,1
2152,15000,74000,1
2126,39000,36000,1
2359,31000,32000,1
3911,42000,62000,1
1587,31000,90000,0
1488,23000,42000,0
1368,31000,42000,0
347,31000,46000,0
2160,20000,74000,1
24,22000,30000,0
3922,45000,72000,1
1263,28000,38000,0
2348,37000,62000,1
1451,30000,46000,0
3502,38000,74000,1
2562,35000,54000,1
3983,38000,74000,1
2777,36000,76000,1
1934,33000,46000,0
3530,28000,72000,1
2664,35000,70000,1
1646,21000,82000,0
2257,34000,76000,1
2911,35000,50000,1
640,41000,40000,0
931,22000,52000,0
598,25000,54000,0
3905,36000,80000,1
3492,36000,64000,1
1654,20000,42000,0
58,21000,46000,0
769,23000,64000,0
2651,37000,62000,1
3752,20000,52000,1
1221,18000,54000,0
744,27000,66000,0
1115,22000,54000,0
3879,36000,52000,1
3323,43000,72000,1
1722,19000,42000,0
2809,37000,68000,1
3669,37000,68000,1
1370,21000,64000,0
2430,33000,72000,1
1116,21000,52000,0
3889,31000,68000,1
1658,38000,64000,0
1495,28000,46000,0
1381,44000,68000,0
2854,42000,74000,1
3873,29000,72000,1
1346,22000,54000,0
28,23000,42000,0
886,21000,54000,0
2351,42000,56000,1
26,31000,46000,0
1044,19000,48000,0
3948,32000,64000,1
2915,37000,76000,1
2208,38000,72000,1
91,25000,38000,0
2102,28000,78000,1
3444,35000,74000,1
2424,27000,76000,1
3191,39000,74000,1
2955,36000,62000,1
1971,39000,76000,0
1489,21000,44000,0
3870,44000,66000,1
3359,32000,68000,1
1812,33000,44000,0
5,36000,46000,0
2219,35000,74000,1
3371,28000,60000,1
1558,26000,46000,0
1496,22000,46000,0
810,37000,52000,0
2566,25000,68000,1
830,27000,46000,0
59,22000,46000,0
57,21000,58000,0
3839,28000,56000,1
788,40000,50000,0
1800,36000,38000,0
156,41000,54000,0
636,26000,76000,0
1078,29000,60000,0
1478,28000,50000,0
3511,45000,46000,1
3628,36000,50000,1
3416,19000,72000,1
950,39000,52000,0
1836,31000,44000,0
6,21000,66000,0
461,38000,64000,0
153,31000,46000,0
789,22000,76000,0
1461,28000,54000,0
3597,45000,84000,1
146,39000,46000,0
2224,36000,68000,1
1481,21000,38000,0
495,38000,38000,0
2799,37000,44000,1
2536,29000,56000,1
3468,41000,46000,1
3559,31000,82000,1
1978,23000,78000,0
2319,35000,76000,1
1785,26000,34000,0
2400,32000,70000,1
3784,25000,62000,1
3633,36000,56000,1
2237,38000,74000,1
1711,29000,34000,0
2174,35000,58000,1
3677,29000,64000,1
543,22000,44000,0
3996,31000,42000,1
3886,30000,44000,1
1297,23000,44000,0
2413,35000,74000,1
948,23000,44000,0
3263,38000,72000,1
3505,21000,42000,1
838,33000,78000,0
407,31000,52000,0
2000,36000,84000,1
497,21000,52000,0
2961,29000,30000,1
1477,28000,38000,0
986,36000,52000,0
2088,36000,56000,1
3228,16000,78000,1
2096,35000,70000,1
1929,23000,64000,0
1712,17000,48000,0
3712,33000,70000,1
3167,44000,72000,1
1142,27000,40000,0
3384,40000,56000,1
1842,23000,48000,0
1911,44000,46000,0
412,23000,40000,0
3260,16000,66000,1
2622,39000,60000,1
3462,22000,76000,1
960,35000,44000,0
3162,24000,58000,1
220,34000,78000,0
3455,35000,60000,1
3079,29000,76000,1
3317,28000,64000,1
2501,37000,60000,1
27,21000,56000,0
2909,32000,56000,1
3012,37000,70000,1
3099,38000,66000,1
1809,21000,38000,0
3457,45000,70000,1
1961,25000,50000,0
3147,32000,62000,1
2956,39000,86000,1
3046,35000,72000,1
479,38000,48000,0
3974,38000,70000,1
715,22000,36000,0
3524,35000,70000,1
731,22000,48000,0
185,23000,62000,0
391,22000,44000,0
3684,34000,56000,1
3613,24000,46000,1
3097,38000,70000,1
1937,19000,40000,0
2242,39000,68000,1
2587,38000,46000,1
2135,29000,76000,1
841,22000,46000,0
2527,37000,48000,1
2682,22000,72000,1
2081,33000,74000,1
2234,38000,72000,1
3203,24000,72000,1
3171,45000,60000,1
2346,28000,44000,1
3403,35000,86000,1
2159,38000,70000,1
3926,29000,70000,1
3737,37000,40000,1
468,35000,74000,0
705,20000,50000,0
267,24000,86000,0
2387,32000,74000,1
1605,23000,52000,0
974,32000,70000,0
955,37000,56000,0
3199,34000,70000,1
3837,45000,62000,1
1480,23000,44000,0
2171,16000,72000,1
3354,39000,76000,1
2640,37000,58000,1
3884,34000,64000,1
1977,29000,32000,0
365,15000,60000,0
653,40000,34000,0
3862,35000,46000,1
1255,22000,50000,0
3729,29000,74000,1
1566,29000,88000,0
3883,36000,72000,1
575,23000,44000,0
406,37000,54000,0
1245,27000,42000,0
828,21000,66000,0
1949,41000,56000,0
1716,18000,52000,0
774,25000,38000,0
3377,36000,40000,1
3720,25000,40000,1
786,30000,44000,0
1500,19000,40000,0
3842,26000,74000,1
2125,35000,72000,1
1037,26000,68000,0
3648,28000,56000,1
2544,27000,70000,1
1347,22000,60000,0
1325,19000,70000,0
2505,44000,62000,1
2861,28000,62000,1
2524,24000,76000,1
3695,29000,72000,1
638,24000,66000,0
548,21000,42000,0
584,34000,62000,0
3670,24000,76000,1
1409,26000,36000,0
2409,32000,66000,1
1875,39000,48000,0
1518,34000,72000,0
3086,38000,72000,1
186,28000,44000,0
1838,32000,70000,0
757,37000,74000,0
3528,31000,44000,1
1156,20000,44000,0
2168,30000,72000,1
2272,20000,62000,1
3762,39000,78000,1
3836,27000,66000,1
2069,29000,56000,1
1284,42000,38000,0
2855,35000,62000,1
1247,26000,46000,0
3943,34000,72000,1
2703,20000,76000,1
3933,31000,60000,1
3169,45000,90000,1
1665,25000,46000,0
2563,28000,44000,1
2200,37000,72000,1
1124,41000,54000,0
2559,29000,74000,1
2478,21000,74000,1
1835,21000,40000,0
1946,28000,42000,0
2601,28000,74000,1
3989,27000,56000,1
2323,32000,88000,1
2479,20000,60000,1
3519,36000,54000,1
274,26000,42000,0
2700,33000,72000,1
2460,36000,76000,1
1315,22000,58000,0
53,23000,42000,0
293,21000,78000,0
1215,28000,68000,0
2585,16000,68000,1
453,41000,46000,0
395,20000,44000,0
3706,31000,36000,1
1300,19000,40000,0
532,21000,42000,0
1436,45000,82000,0
2945,30000,56000,1
3986,26000,66000,1
3865,44000,62000,1
1204,21000,36000,0
3318,36000,52000,1
1694,23000,46000,0
897,19000,60000,0
1891,29000,58000,0
1371,26000,48000,0
410,19000,68000,0
1763,27000,54000,0
2893,36000,70000,1
2684,35000,74000,1
2657,28000,62000,1
13,20000,56000,0
3346,29000,64000,1
2604,36000,34000,1
2029,38000,66000,1
3796,45000,72000,1
2942,36000,50000,1
3496,35000,86000,1
1392,27000,50000,0
1590,28000,68000,0
1844,29000,46000,0
2869,44000,66000,1
1141,23000,44000,0
3015,38000,72000,1
582,24000,56000,0
1588,22000,46000,0
742,21000,38000,0
668,41000,38000,0
2980,37000,72000,1
1085,20000,46000,0
97,27000,40000,0
3360,32000,66000,1
211,25000,44000,0
1996,23000,46000,0
2022,26000,50000,1
620,24000,64000,0
1016,21000,54000,0
2386,28000,58000,1
1159,35000,56000,0
3113,38000,70000,1
2835,34000,68000,1
1539,23000,58000,0
878,29000,54000,0
2422,35000,70000,1
866,31000,44000,0
3792,29000,54000,1
861,41000,68000,0
2749,28000,62000,1
682,22000,70000,0
1531,44000,46000,0
1637,22000,46000,0
114,26000,46000,0
3504,38000,68000,1
3215,22000,64000,1
626,20000,48000,0
910,25000,62000,0
408,19000,90000,0
1885,22000,48000,0
3022,31000,30000,1
205,26000,44000,0
2041,25000,72000,1
2161,37000,68000,1
766,21000,40000,0
1096,43000,58000,0
70,16000,86000,0
1999,21000,54000,0
2188,26000,50000,1
2189,42000,58000,1
2660,37000,52000,1
1554,22000,74000,0
3716,28000,76000,1
2995,30000,70000,1
2378,37000,80000,1
3820,35000,88000,1
340,38000,70000,0
1463,21000,46000,0
3201,23000,68000,1
309,20000,44000,0
1093,39000,54000,0
3392,28000,44000,1
3969,31000,42000,1
1764,19000,52000,0
2240,37000,64000,1
1955,26000,70000,0
954,37000,46000,0
299,28000,58000,0
1894,28000,30000,0
1328,21000,46000,0
552,20000,42000,0
554,40000,42000,0
3039,37000,44000,1
1969,28000,54000,0
33,31000,40000,0
2871,38000,54000,1
350,23000,44000,0
2384,28000,70000,1
3244,38000,62000,1
238,24000,42000,0
1295,34000,44000,0
242,19000,54000,0
2042,38000,48000,1
1870,23000,86000,0
1617,21000,32000,0
2169,36000,62000,1
473,39000,30000,0
3137,28000,74000,1
425,21000,46000,0
3077,35000,72000,1
1484,28000,42000,0
961,18000,42000,0
616,33000,54000,0
1225,32000,62000,0
2473,37000,76000,1
388,26000,36000,0
3364,23000,40000,1
2308,35000,76000,1
1529,44000,44000,0
2433,29000,76000,1
1139,21000,68000,0
3759,36000,64000,1
349,21000,54000,0
3564,30000,30000,1
772,27000,48000,0
199,24000,44000,0
3555,43000,76000,1
3410,30000,70000,1
2733,30000,72000,1
1570,30000,64000,0
892,23000,66000,0
2283,29000,60000,1
143,25000,72000,0
2650,29000,62000,1
570,43000,46000,0
1679,22000,44000,0
3754,34000,34000,1
2790,37000,72000,1
2560,22000,68000,1
872,26000,42000,0
2136,34000,68000,1
1008,19000,46000,0
3141,36000,52000,1
2669,41000,62000,1
1067,30000,46000,0
3178,33000,62000,1
3951,17000,36000,1
3302,35000,50000,1
2816,21000,76000,1
2317,35000,74000,1
3570,26000,72000,1
2555,29000,66000,1
180,45000,52000,0
3914,35000,34000,1
1824,28000,48000,0
1113,39000,56000,0
2139,34000,62000,1
3071,27000,50000,1
316,21000,64000,0
1293,20000,44000,0
1137,41000,34000,0
1782,25000,52000,0
1423,30000,38000,0
2492,26000,50000,1
2952,36000,90000,1
1407,26000,42000,0
456,25000,70000,0
2303,28000,62000,1
3458,35000,70000,1
3963,33000,68000,1
3390,28000,76000,1
1535,21000,80000,0
949,28000,56000,0
665,22000,44000,0
3061,34000,44000,1
1205,22000,46000,0
1879,24000,78000,0
1628,21000,50000,0
3482,45000,54000,1
2852,16000,68000,1
61,29000,46000,0
2533,37000,72000,1
2751,36000,56000,1
2804,32000,30000,1
3237,24000,60000,1
1643,29000,64000,0
1173,23000,54000,0
2686,18000,46000,1
3249,15000,38000,1
535,24000,42000,0
2497,38000,32000,1
1218,26000,82000,0
2939,30000,62000,1
3114,32000,70000,1
2970,38000,38000,1
3105,38000,78000,1
2632,30000,76000,1
3630,38000,60000,1
1425,25000,50000,0
2827,44000,32000,1
2770,35000,50000,1
1551,16000,50000,0
1234,25000,56000,0
1467,22000,36000,0
2710,34000,58000,1
1485,21000,42000,0
1881,38000,42000,0
688,40000,56000,0
1886,35000,74000,0
1435,22000,52000,0
163,21000,62000,0
361,39000,44000,0
3924,31000,54000,1
46,21000,46000,0
265,27000,54000,0
2301,35000,72000,1
2654,27000,40000,1
1384,25000,44000,0
2164,44000,50000,1
1171,22000,66000,0
1892,23000,52000,0
43,30000,60000,0
2903,28000,70000,1
2614,31000,70000,1
2332,35000,68000,1
336,23000,38000,0
1357,16000,42000,0
3918,45000,48000,1
1343,43000,80000,0
105,21000,82000,0
1387,20000,42000,0
811,24000,46000,0
669,23000,44000,0
339,27000,52000,0
2947,37000,48000,1
662,19000,46000,0
3348,45000,66000,1
2583,35000,62000,1
581,22000,68000,0
3598,19000,56000,1
3734,21000,70000,1
2950,37000,70000,1
2288,40000,32000,1
1,24000,42000,0
1786,19000,44000,0
863,19000,44000,0
1889,43000,80000,0
2647,41000,68000,1
1314,33000,44000,0
325,43000,42000,0
2910,35000,70000,1
429,23000,76000,0
821,31000,46000,0
2357,20000,70000,1
785,17000,80000,0
3964,34000,54000,1
2038,36000,70000,1
3076,30000,62000,1
2181,30000,56000,1
3126,29000,70000,1
1608,40000,46000,0
3188,36000,62000,1
2217,39000,72000,1
1432,23000,54000,0
1070,16000,46000,0
3552,36000,56000,1
3718,35000,64000,1
3435,40000,80000,1
2442,35000,72000,1
2162,32000,64000,1
745,36000,44000,0
2705,38000,70000,1
2545,32000,46000,1
1655,33000,62000,0
2722,22000,72000,1
1202,22000,72000,0
2281,28000,62000,1
1772,23000,46000,0
2097,34000,74000,1
3779,32000,70000,1
3822,36000,56000,1
2291,44000,70000,1
2002,16000,44000,1
1081,23000,82000,0
400,21000,70000,0
3682,27000,90000,1
3396,26000,50000,1
2629,32000,72000,1
3112,31000,66000,1
3246,28000,88000,1
3227,38000,80000,1
3903,35000,68000,1
2807,23000,76000,1
937,37000,42000,0
1798,18000,80000,0
3958,35000,80000,1
2448,38000,56000,1
1195,39000,42000,0
655,21000,52000,0
595,20000,46000,0
483,45000,76000,0
67,19000,52000,0
1191,22000,44000,0
376,24000,48000,0
868,19000,48000,0
624,16000,58000,0
3157,25000,72000,1
52,41000,38000,0
2148,21000,32000,1
641,19000,42000,0
1395,20000,44000,0
3063,34000,56000,1
3037,15000,58000,1
3083,32000,72000,1
3467,33000,44000,1
2352,35000,72000,1
3210,24000,84000,1
1377,27000,42000,0
3515,33000,56000,1
3376,23000,44000,1
2175,38000,76000,1
556,28000,42000,0
2212,33000,72000,1
1903,21000,44000,0
925,42000,42000,0
1271,21000,70000,0
1254,33000,46000,0
3224,17000,54000,1
3379,45000,82000,1
2853,29000,74000,1
227,15000,40000,0
2349,36000,64000,1
2431,27000,56000,1
2142,15000,68000,1
1719,25000,56000,0
289,23000,60000,0
3463,45000,54000,1
2360,28000,78000,1
666,22000,84000,0
2999,30000,72000,1
3631,36000,56000,1
321,25000,42000,0
934,16000,50000,0
3804,30000,64000,1
3014,37000,74000,1
858,28000,42000,0
277,20000,80000,0
3478,20000,66000,1
1957,33000,48000,0
1018,23000,90000,0
328,21000,46000,0
1471,22000,72000,0
2569,35000,60000,1
422,21000,44000,0
2129,43000,72000,1
721,27000,42000,0
266,45000,68000,0
3541,27000,60000,1
3363,34000,48000,1
98,25000,40000,0
801,25000,76000,0
621,23000,46000,0
1091,35000,52000,0
2307,28000,58000,1
1222,22000,66000,0
995,32000,50000,0
2806,38000,58000,1
525,20000,56000,0
507,31000,38000,0
1226,20000,44000,0
1834,24000,46000,0
3256,33000,70000,1
1825,22000,46000,0
229,23000,74000,0
3833,35000,64000,1
2411,28000,40000,1
2667,30000,34000,1
2474,28000,68000,1
2187,32000,68000,1
538,20000,38000,0
818,37000,74000,0
777,23000,36000,0
2416,37000,56000,1
11,24000,50000,0
1132,33000,42000,0
952,20000,56000,0
3155,37000,34000,1
145,29000,38000,0
3184,32000,80000,1
2302,32000,60000,1
320,21000,66000,0
