,Price,Weight,Type
2403,33000,76000,1
3498,28000,50000,1
488,27000,62000,0
165,29000,64000,0
1901,34000,38000,0
1438,44000,40000,0
1799,30000,84000,0
1329,34000,54000,0
1414,23000,78000,0
1412,32000,34000,0
955,24000,74000,0
3954,39000,48000,1
1921,26000,38000,0
2190,27000,60000,1
1543,33000,32000,0
1555,27000,42000,0
815,19000,66000,0
1513,31000,52000,0
2675,40000,66000,1
2209,27000,50000,1
1872,43000,54000,0
2992,43000,58000,1
1171,33000,66000,0
1621,30000,58000,0
1734,41000,68000,0
2456,29000,60000,1
1320,29000,46000,0
2029,27000,50000,1
3822,35000,76000,1
1709,30000,64000,0
2427,37000,54000,1
3405,22000,76000,1
1970,38000,60000,0
197,31000,66000,0
2304,32000,50000,1
364,26000,52000,0
1503,29000,64000,0
2056,44000,54000,1
290,34000,54000,0
1767,30000,74000,0
535,43000,38000,0
3786,27000,58000,1
1001,30000,66000,0
2004,21000,58000,1
269,18000,62000,0
229,28000,78000,0
3233,23000,54000,1
2993,30000,38000,1
2485,34000,56000,1
1309,31000,50000,0
1243,30000,60000,0
2078,32000,58000,1
192,31000,52000,0
3760,30000,68000,1
840,30000,68000,0
2802,25000,64000,1
3785,26000,34000,1
2255,31000,54000,1
2453,26000,70000,1
3470,28000,56000,1
1775,23000,50000,0
3990,29000,58000,1
522,29000,64000,0
830,17000,56000,0
278,28000,54000,0
3391,44000,44000,1
952,39000,70000,0
305,29000,52000,0
3727,42000,68000,1
1519,26000,46000,0
746,19000,62000,0
1371,22000,60000,0
1034,27000,70000,0
2849,27000,54000,1
2220,39000,58000,1
1369,27000,54000,0
3266,38000,78000,1
85,30000,58000,0
210,40000,60000,0
1409,39000,58000,0
327,39000,60000,0
2638,31000,78000,1
3835,32000,54000,1
616,37000,58000,0
1971,43000,70000,0
2120,25000,58000,1
3616,32000,56000,1
1403,32000,74000,0
1717,25000,54000,0
228,31000,80000,0
3521,45000,74000,1
3894,20000,30000,1
389,17000,52000,0
381,27000,66000,0
1759,16000,68000,0
163,26000,60000,0
237,34000,76000,0
1985,30000,62000,0
940,27000,38000,0
2062,34000,38000,1
2194,35000,62000,1
3252,29000,52000,1
1512,31000,58000,0
2888,26000,54000,1
382,29000,62000,0
1426,29000,70000,0
3121,30000,68000,1
2673,29000,66000,1
1195,15000,58000,0
1489,16000,46000,0
3984,34000,46000,1
559,33000,60000,0
3448,29000,56000,1
3206,38000,80000,1
2755,35000,48000,1
627,28000,62000,0
2480,28000,76000,1
1674,33000,56000,0
2155,29000,90000,1
217,39000,36000,0
3819,29000,58000,1
2883,26000,80000,1
975,30000,58000,0
1465,33000,62000,0
703,31000,42000,0
3482,35000,68000,1
1058,27000,78000,0
3590,34000,90000,1
1736,29000,58000,0
3740,15000,76000,1
384,28000,70000,0
1205,38000,36000,0
1338,21000,44000,0
607,43000,76000,0
407,24000,30000,0
1760,27000,60000,0
1964,30000,42000,0
976,33000,60000,0
3871,28000,44000,1
2470,34000,70000,1
3428,31000,42000,1
1580,26000,78000,0
3535,35000,32000,1
1591,31000,54000,0
1616,28000,88000,0
3095,38000,58000,1
3658,25000,54000,1
3254,37000,60000,1
3531,42000,54000,1
911,31000,64000,0
286,31000,62000,0
3386,28000,54000,1
3103,28000,32000,1
2998,32000,54000,1
3710,31000,54000,1
209,34000,68000,0
1362,19000,58000,0
3617,25000,46000,1
2038,26000,40000,1
994,39000,42000,0
3225,33000,64000,1
3296,20000,64000,1
888,38000,62000,0
1869,30000,58000,0
185,31000,54000,0
1758,29000,76000,0
2325,27000,60000,1
1810,22000,48000,0
3028,15000,74000,1
1624,24000,64000,0
2033,42000,74000,1
1016,26000,58000,0
2252,22000,38000,1
1370,41000,52000,0
448,34000,46000,0
3707,28000,50000,1
3328,31000,82000,1
1636,24000,44000,0
2426,25000,52000,1
3383,38000,74000,1
199,30000,62000,0
2907,33000,58000,1
1902,27000,62000,0
927,36000,32000,0
487,25000,42000,0
3731,28000,50000,1
69,28000,62000,0
2110,27000,62000,1
1064,19000,54000,0
3889,45000,58000,1
3333,36000,70000,1
350,29000,62000,0
3342,27000,68000,1
462,26000,42000,0
3000,30000,66000,1
1025,25000,64000,0
3549,27000,54000,1
97,22000,34000,0
3064,19000,54000,1
984,29000,64000,0
2566,31000,58000,1
631,32000,54000,0
525,44000,54000,0
960,24000,60000,0
2030,25000,56000,1
809,28000,80000,0
2902,31000,58000,1
1892,38000,68000,0
1142,34000,58000,0
1857,27000,62000,0
268,19000,50000,0
1984,28000,58000,0
2700,35000,38000,1
1254,37000,62000,0
2609,42000,62000,1
2232,36000,62000,1
137,35000,58000,0
1284,25000,46000,0
1836,23000,54000,0
3389,36000,50000,1
1694,29000,60000,0
3665,31000,62000,1
2928,28000,76000,1
3601,30000,54000,1
59,36000,86000,0
2023,30000,66000,1
2366,27000,70000,1
2218,28000,78000,1
2687,23000,58000,1
2814,26000,48000,1
1571,27000,60000,0
941,28000,60000,0
310,37000,62000,0
2531,30000,64000,1
463,26000,82000,0
1830,31000,58000,0
1013,31000,62000,0
1125,26000,72000,0
3271,27000,38000,1
121,25000,58000,0
3327,25000,56000,1
1360,27000,70000,0
968,33000,30000,0
2276,35000,48000,1
2326,28000,72000,1
3119,38000,42000,1
423,40000,62000,0
1042,28000,50000,0
2728,27000,58000,1
1106,22000,74000,0
711,27000,52000,0
1394,29000,52000,0
1761,30000,48000,0
3313,25000,52000,1
624,27000,60000,0
2763,20000,56000,1
2657,23000,60000,1
2694,20000,54000,1
1176,28000,42000,0
2970,30000,50000,1
619,28000,54000,0
2350,28000,56000,1
1749,28000,52000,0
3387,15000,60000,1
369,27000,52000,0
2188,36000,64000,1
187,32000,56000,0
1337,33000,42000,0
2782,34000,66000,1
3862,32000,66000,1
2122,37000,70000,1
1783,32000,60000,0
1130,24000,50000,0
2835,29000,58000,1
2208,16000,52000,1
3304,17000,60000,1
3771,27000,52000,1
764,23000,56000,0
2060,40000,58000,1
2593,30000,48000,1
2173,26000,78000,1
1239,32000,60000,0
428,34000,42000,0
1436,32000,64000,0
3232,33000,60000,1
3268,27000,58000,1
1050,25000,58000,0
2661,25000,52000,1
3790,26000,78000,1
1772,31000,60000,0
2087,26000,52000,1
2760,27000,64000,1
3825,29000,74000,1
1973,27000,62000,0
1604,32000,46000,0
759,32000,62000,0
1818,31000,60000,0
3010,31000,34000,1
1552,38000,84000,0
3668,35000,48000,1
98,34000,74000,0
3299,27000,86000,1
3735,30000,62000,1
204,31000,64000,0
1154,40000,54000,0
1853,30000,40000,0
2022,29000,40000,1
2790,30000,58000,1
3806,28000,64000,1
3452,35000,70000,1
123,21000,64000,0
2822,35000,62000,1
128,27000,62000,0
2254,25000,62000,1
3718,22000,60000,1
793,31000,82000,0
547,34000,60000,0
3856,32000,70000,1
1291,23000,72000,0
154,26000,66000,0
1645,24000,68000,0
2378,38000,66000,1
3352,27000,52000,1
1111,31000,58000,0
1570,26000,62000,0
2460,17000,50000,1
1983,42000,48000,0
1079,27000,60000,0
1115,26000,54000,0
43,22000,62000,0
2839,25000,66000,1
996,30000,38000,0
2334,33000,60000,1
2580,30000,38000,1
482,35000,86000,0
3169,27000,62000,1
2557,36000,68000,1
3506,27000,68000,1
1443,29000,60000,0
1361,35000,62000,0
1386,29000,58000,0
716,34000,60000,0
232,23000,62000,0
27,30000,54000,0
309,32000,58000,0
3446,27000,56000,1
1087,30000,62000,0
1233,26000,58000,0
3749,29000,56000,1
1860,29000,52000,0
1296,35000,60000,0
3283,35000,56000,1
679,35000,62000,0
337,43000,56000,0
2419,37000,56000,1
2981,27000,90000,1
1898,22000,30000,0
1047,37000,44000,0
2721,32000,56000,1
3360,32000,58000,1
2189,21000,70000,1
921,25000,52000,0
2719,27000,54000,1
880,25000,58000,0
475,29000,50000,0
2602,17000,70000,1
3555,39000,50000,1
2919,29000,58000,1
1094,39000,62000,0
12,27000,60000,0
22,35000,58000,0
3084,30000,64000,1
2731,32000,62000,1
821,30000,66000,0
3037,29000,50000,1
1247,30000,80000,0
2824,26000,62000,1
1611,32000,80000,0
1585,25000,86000,0
3934,25000,54000,1
2640,39000,70000,1
2324,26000,60000,1
1695,23000,68000,0
3848,32000,70000,1
1295,19000,52000,0
1167,31000,62000,0
135,33000,66000,0
1526,27000,30000,0
1613,18000,78000,0
2712,35000,58000,1
2857,25000,84000,1
879,31000,64000,0
441,28000,66000,0
3597,20000,62000,1
2145,21000,38000,1
3898,33000,70000,1
1108,29000,64000,0
967,28000,68000,0
3709,30000,52000,1
1845,35000,64000,0
3210,30000,48000,1
1481,29000,62000,0
301,32000,62000,0
1748,33000,64000,0
476,32000,40000,0
3312,39000,54000,1
1207,33000,62000,0
1831,43000,66000,0
220,28000,48000,0
3849,37000,60000,1
3853,34000,72000,1
3906,28000,80000,1
623,31000,40000,0
861,28000,50000,0
272,35000,76000,0
1159,29000,78000,0
3245,20000,56000,1
2132,27000,54000,1
2987,29000,54000,1
856,16000,68000,0
2538,27000,68000,1
3309,26000,60000,1
1569,32000,66000,0
1932,26000,38000,0
2341,32000,76000,1
926,30000,60000,0
3163,24000,52000,1
3840,27000,62000,1
2646,31000,68000,1
2496,34000,70000,1
2049,33000,48000,1
1184,31000,64000,0
2739,26000,70000,1
3354,18000,62000,1
1955,17000,50000,0
1342,25000,58000,0
2162,18000,48000,1
2368,28000,74000,1
3951,34000,60000,1
2910,26000,72000,1
3131,32000,58000,1
1664,25000,58000,0
942,33000,62000,0
3479,27000,34000,1
1517,18000,72000,0
415,32000,66000,0
1679,34000,58000,0
2606,40000,52000,1
1363,35000,70000,0
1376,31000,60000,0
3562,28000,70000,1
1468,35000,62000,0
120,25000,82000,0
219,34000,60000,0
3550,26000,40000,1
2532,32000,56000,1
519,23000,36000,0
64,19000,62000,0
3545,25000,50000,1
1885,39000,68000,0
2810,26000,32000,1
3392,27000,48000,1
2769,26000,78000,1
799,29000,60000,0
2364,16000,44000,1
2863,28000,74000,1
987,29000,88000,0
2410,37000,42000,1
2881,42000,56000,1
1883,25000,62000,0
2605,30000,66000,1
2488,33000,58000,1
1408,25000,66000,0
2812,31000,40000,1
362,23000,58000,0
1867,30000,58000,0
1710,29000,58000,0
1313,31000,64000,0
2051,45000,58000,1
2143,28000,82000,1
862,30000,58000,0
1550,33000,32000,0
3927,27000,56000,1
2922,26000,88000,1
682,36000,50000,0
1418,27000,68000,0
3900,25000,54000,1
2962,30000,56000,1
1315,40000,58000,0
2401,26000,60000,1
1077,29000,42000,0
3704,25000,74000,1
1109,18000,30000,0
1459,32000,66000,0
1884,31000,62000,0
3544,28000,66000,1
1496,30000,40000,0
1020,27000,56000,0
1062,34000,50000,0
3020,28000,52000,1
3824,29000,72000,1
3803,24000,58000,1
532,28000,54000,0
2047,35000,66000,1
2871,40000,62000,1
2384,28000,66000,1
2767,20000,56000,1
3881,21000,46000,1
1972,21000,80000,0
2913,45000,48000,1
3374,35000,66000,1
3579,26000,56000,1
3174,25000,38000,1
542,27000,32000,0
372,36000,58000,0
1880,31000,84000,0
1476,22000,66000,0
722,30000,70000,0
1045,31000,62000,0
3567,34000,52000,1
2746,27000,54000,1
3679,21000,56000,1
1198,19000,68000,0
820,31000,56000,0
2896,39000,38000,1
3659,27000,76000,1
2608,27000,56000,1
1100,44000,58000,0
264,26000,58000,0
385,21000,52000,0
2396,28000,66000,1
2484,26000,52000,1
2067,35000,90000,1
1719,32000,50000,0
1145,17000,66000,0
534,29000,38000,0
2804,31000,66000,1
753,28000,40000,0
2750,29000,46000,1
1966,31000,60000,0
2225,25000,32000,1
3240,29000,58000,1
3682,35000,62000,1
2957,41000,84000,1
778,29000,62000,0
251,35000,44000,0
2034,29000,74000,1
2,29000,50000,0
1353,35000,58000,0
2706,28000,58000,1
2286,30000,54000,1
1419,23000,76000,0
445,28000,52000,0
2443,26000,64000,1
3651,27000,50000,1
1464,37000,60000,0
3581,28000,52000,1
2945,35000,68000,1
2540,25000,54000,1
1842,24000,54000,0
2178,35000,56000,1
978,31000,62000,0
1765,35000,44000,0
2274,26000,52000,1
3518,28000,80000,1
2953,26000,66000,1
3351,27000,58000,1
2315,28000,56000,1
2964,26000,74000,1
1303,26000,58000,0
2376,16000,58000,1
2979,29000,48000,1
546,44000,56000,0
2652,28000,58000,1
2843,28000,52000,1
3514,41000,54000,1
2007,28000,56000,1
2461,29000,64000,1
1402,35000,66000,0
2085,27000,80000,1
1118,19000,68000,0
2550,32000,52000,1
2099,35000,54000,1
73,16000,52000,0
3239,26000,58000,1
2215,32000,50000,1
3850,41000,58000,1
3495,23000,64000,1
3314,21000,30000,1
693,36000,42000,0
3867,15000,48000,1
1173,31000,44000,0
1027,39000,80000,0
1289,31000,60000,0
2331,15000,66000,1
1863,38000,68000,0
1937,24000,46000,0
1022,30000,60000,0
1852,30000,62000,0
3085,35000,38000,1
2867,39000,72000,1
3130,29000,64000,1
2100,31000,66000,1
1216,29000,40000,0
2338,34000,64000,1
2995,37000,54000,1
1365,43000,72000,0
3982,28000,54000,1
2205,42000,60000,1
1769,26000,62000,0
171,31000,88000,0
692,29000,58000,0
963,22000,62000,0
2316,28000,74000,1
2828,42000,56000,1
3886,26000,84000,1
3015,37000,64000,1
3023,34000,56000,1
2600,19000,38000,1
2084,32000,56000,1
2904,36000,42000,1
582,32000,50000,0
803,42000,62000,0
1994,34000,52000,0
3248,31000,74000,1
2048,20000,78000,1
2072,27000,62000,1
811,37000,56000,0
2890,35000,42000,1
2204,21000,54000,1
3988,34000,70000,1
1692,31000,60000,0
21,32000,60000,0
3738,26000,50000,1
1196,21000,32000,0
2716,29000,74000,1
2837,30000,50000,1
1990,25000,50000,0
2688,34000,80000,1
179,18000,60000,0
3961,29000,66000,1
1619,27000,34000,0
1518,25000,60000,0
3692,34000,52000,1
1435,43000,50000,0
485,25000,48000,0
503,34000,42000,0
1560,29000,82000,0
2081,31000,52000,1
3403,35000,48000,1
2530,30000,64000,1
2519,27000,40000,1
2770,22000,36000,1
539,30000,58000,0
2505,25000,50000,1
1029,31000,54000,0
1789,34000,64000,0
3517,25000,60000,1
1149,43000,36000,0
2754,30000,44000,1
1565,37000,66000,0
2685,35000,66000,1
573,24000,60000,0
758,33000,52000,0
844,27000,30000,0
3442,28000,54000,1
1258,31000,72000,0
3945,39000,66000,1
1452,34000,50000,0
1189,15000,60000,0
3599,28000,54000,1
3557,27000,64000,1
2503,27000,58000,1
1458,29000,56000,0
1531,31000,58000,0
2853,44000,82000,1
1194,30000,44000,0
1202,21000,42000,0
709,27000,62000,0
116,34000,54000,0
1262,25000,78000,0
3203,28000,54000,1
3307,25000,56000,1
3256,25000,44000,1
3273,35000,52000,1
3329,34000,60000,1
1865,39000,82000,0
598,20000,64000,0
3706,32000,58000,1
3788,26000,58000,1
2026,35000,32000,1
3986,26000,82000,1
376,23000,60000,0
506,26000,56000,0
1055,33000,58000,0
208,20000,86000,0
3033,19000,58000,1
3732,29000,38000,1
834,21000,86000,0
1007,25000,70000,0
3472,27000,72000,1
1068,31000,74000,0
4,25000,84000,0
3399,39000,48000,1
3290,25000,62000,1
48,30000,62000,0
3676,32000,36000,1
2216,28000,68000,1
517,26000,52000,0
3117,30000,60000,1
983,29000,58000,0
3967,16000,54000,1
3905,15000,30000,1
3892,35000,56000,1
1547,35000,68000,0
3507,34000,64000,1
195,29000,66000,0
2289,16000,62000,1
1669,31000,68000,0
1051,28000,58000,0
2637,18000,66000,1
3874,36000,56000,1
3565,26000,76000,1
78,41000,62000,0
3483,32000,54000,1
2200,32000,54000,1
6,31000,32000,0
1495,32000,62000,0
2956,27000,58000,1
3952,42000,52000,1
3435,16000,40000,1
2562,27000,64000,1
2651,29000,52000,1
2622,26000,50000,1
233,28000,62000,0
512,19000,58000,0
3756,18000,72000,1
3683,30000,50000,1
3180,35000,64000,1
285,29000,70000,0
3026,28000,70000,1
87,38000,74000,0
2932,30000,40000,1
3439,42000,30000,1
3936,34000,90000,1
2430,28000,64000,1
600,41000,74000,0
3546,23000,60000,1
3481,19000,66000,1
1203,25000,46000,0
513,31000,44000,0
2921,43000,64000,1
2115,27000,56000,1
874,20000,54000,0
2098,22000,84000,1
754,28000,54000,0
1986,30000,68000,0
1658,32000,68000,0
3673,28000,68000,1
1406,28000,46000,0
3955,35000,70000,1
576,34000,76000,0
1310,28000,58000,0
3337,34000,70000,1
3574,29000,68000,1
2064,19000,66000,1
2462,37000,50000,1
1811,27000,42000,0
3134,24000,42000,1
2454,24000,64000,1
1227,26000,60000,0
2464,29000,64000,1
3385,22000,56000,1
3215,25000,56000,1
507,30000,58000,0
1814,34000,42000,0
3087,31000,70000,1
3823,19000,70000,1
2855,27000,58000,1
1597,32000,56000,0
435,19000,88000,0
175,26000,58000,0
533,18000,70000,0
35,44000,76000,0
265,34000,56000,0
3175,35000,42000,1
2615,31000,38000,1
597,32000,58000,0
3768,34000,56000,1
289,29000,64000,0
1366,23000,58000,0
2988,24000,66000,1
182,27000,62000,0
258,34000,52000,0
1477,31000,52000,0
2260,44000,66000,1
3625,33000,62000,1
24,38000,42000,0
31,35000,62000,0
469,22000,36000,0
2150,27000,62000,1
2516,36000,60000,1
1467,32000,70000,0
291,25000,64000,0
3127,35000,68000,1
1850,29000,64000,0
669,42000,54000,0
625,26000,54000,0
1104,20000,74000,0
2894,30000,82000,1
2251,31000,60000,1
1653,27000,38000,0
3123,37000,56000,1
2386,26000,74000,1
1712,33000,62000,0
630,41000,66000,0
3122,29000,60000,1
1011,36000,70000,0
3963,26000,68000,1
1614,29000,60000,0
3393,37000,66000,1
3816,30000,68000,1
712,21000,58000,0
3877,19000,78000,1
2808,35000,60000,1
3083,28000,58000,1
745,29000,34000,0
2119,26000,90000,1
2191,42000,58000,1
908,30000,40000,0
3414,34000,68000,1
2475,28000,56000,1
3471,29000,54000,1
3690,17000,54000,1
2137,35000,88000,1
3631,26000,52000,1
1063,18000,60000,0
1633,28000,44000,0
639,29000,32000,0
3148,31000,44000,1
1441,35000,72000,0
1574,27000,42000,0
3147,34000,90000,1
1052,17000,60000,0
697,25000,62000,0
2418,43000,64000,1
893,39000,70000,0
2154,32000,56000,1
2370,27000,64000,1
1326,30000,46000,0
395,29000,60000,0
1535,35000,68000,0
3552,34000,46000,1
505,25000,62000,0
2455,28000,58000,1
1083,30000,56000,0
1808,33000,64000,0
3722,40000,56000,1
2634,28000,66000,1
614,27000,38000,0
33,40000,60000,0
3136,21000,56000,1
2627,28000,64000,1
2449,27000,56000,1
804,29000,62000,0
797,26000,70000,0
1401,31000,60000,0
2941,23000,52000,1
3797,26000,58000,1
3030,25000,62000,1
1431,32000,62000,0
3993,40000,68000,1
1858,25000,86000,0
611,27000,74000,0
3241,39000,58000,1
678,32000,70000,0
2587,34000,78000,1
474,32000,66000,0
3989,18000,58000,1
2381,31000,54000,1
161,24000,60000,0
3957,28000,82000,1
860,28000,54000,0
2592,31000,74000,1
2356,33000,42000,1
1731,31000,58000,0
1450,22000,34000,0
2925,31000,80000,1
2431,27000,60000,1
2090,29000,58000,1
1961,31000,78000,0
905,27000,62000,0
2116,22000,58000,1
3034,27000,52000,1
592,21000,60000,0
1304,27000,68000,0
2831,42000,66000,1
974,36000,78000,0
1404,42000,60000,0
1682,34000,76000,0
3029,26000,70000,1
3666,31000,50000,1
2819,24000,62000,1
1178,27000,88000,0
2895,29000,54000,1
2892,17000,60000,1
283,20000,56000,0
684,31000,60000,0
3496,19000,70000,1
3171,33000,40000,1
1150,39000,78000,0
3504,25000,46000,1
802,36000,60000,0
1091,22000,64000,0
481,33000,50000,0
3294,27000,42000,1
1492,28000,62000,0
1103,29000,50000,0
567,28000,66000,0
2742,22000,50000,1
943,25000,62000,0
3736,35000,50000,1
580,26000,30000,0
397,23000,64000,0
2106,30000,56000,1
51,31000,78000,0
2237,44000,40000,1
737,34000,38000,0
3224,34000,56000,1
450,30000,52000,0
1926,27000,50000,0
1557,19000,58000,0
1235,30000,76000,0
3879,39000,58000,1
660,34000,60000,0
545,36000,84000,0
2670,28000,56000,1
454,19000,78000,0
276,34000,52000,0
992,22000,60000,0
2219,33000,82000,1
3919,27000,50000,1
1308,31000,58000,0
1333,26000,76000,0
1012,28000,72000,0
16,31000,56000,0
328,35000,62000,0
909,29000,54000,0
394,31000,60000,0
3357,43000,56000,1
1527,22000,54000,0
1234,20000,48000,0
3554,29000,30000,1
3142,41000,56000,1
2522,43000,78000,1
3925,26000,78000,1
440,44000,70000,0
3821,23000,32000,1
2101,28000,46000,1
1774,38000,34000,0
2616,29000,52000,1
2282,33000,62000,1
2733,27000,78000,1
514,17000,64000,0
1430,42000,56000,0
1670,29000,54000,0
939,33000,58000,0
3627,28000,64000,1
1935,28000,56000,0
3978,28000,54000,1
1162,30000,52000,0
3116,28000,60000,1
3344,27000,62000,1
2302,38000,64000,1
2805,23000,60000,1
1893,33000,80000,0
1305,31000,70000,0
701,33000,66000,0
449,34000,64000,0
1324,26000,64000,0
2273,25000,48000,1
3455,30000,58000,1
3769,25000,84000,1
3486,35000,58000,1
3622,31000,76000,1
2489,23000,64000,1
325,32000,68000,0
3618,39000,76000,1
2976,27000,70000,1
663,35000,40000,0
3036,31000,56000,1
894,30000,64000,0
3827,34000,58000,1
2937,28000,34000,1
1821,44000,64000,0
3648,38000,66000,1
461,32000,80000,0
687,30000,52000,0
637,31000,60000,0
3025,19000,56000,1
552,31000,40000,0
3462,28000,86000,1
260,28000,58000,0
1019,39000,58000,0
1120,40000,62000,0
1144,29000,64000,0
3563,44000,66000,1
896,35000,40000,0
3057,27000,86000,1
3908,15000,72000,1
2850,23000,50000,1
2969,33000,66000,1
3411,29000,58000,1
1959,32000,66000,0
2109,33000,56000,1
3962,34000,80000,1
561,28000,58000,0
1381,16000,54000,0
3257,28000,70000,1
3198,25000,66000,1
1716,28000,40000,0
2344,28000,58000,1
2354,26000,62000,1
3264,29000,56000,1
201,32000,70000,0
3646,28000,34000,1
3578,28000,60000,1
39,28000,70000,0
3664,17000,60000,1
2075,28000,56000,1
1067,32000,70000,0
1075,39000,80000,0
867,34000,40000,0
2869,36000,58000,1
3733,30000,56000,1
831,31000,60000,0
2436,27000,54000,1
1968,30000,70000,0
3458,25000,88000,1
3869,15000,76000,1
495,29000,54000,0
2351,33000,64000,1
2876,18000,78000,1
3810,32000,62000,1
3491,27000,36000,1
3551,31000,52000,1
1610,26000,50000,0
1208,31000,58000,0
1168,33000,54000,0
3994,27000,60000,1
3864,23000,54000,1
1440,30000,64000,0
296,40000,60000,0
1490,23000,52000,0
846,29000,38000,0
1876,43000,62000,0
3409,27000,70000,1
2494,35000,84000,1
3702,25000,82000,1
3675,35000,64000,1
2838,34000,76000,1
3712,21000,56000,1
897,29000,62000,0
2735,36000,50000,1
3150,27000,40000,1
3855,29000,64000,1
2433,44000,50000,1
1615,31000,50000,0
2277,28000,62000,1
3111,27000,54000,1
800,27000,58000,0
270,32000,60000,0
3582,23000,52000,1
3189,27000,38000,1
1318,27000,88000,0
307,27000,54000,0
2780,21000,46000,1
1343,16000,62000,0
1905,37000,74000,0
2412,20000,58000,1
3113,22000,54000,1
1790,32000,56000,0
795,30000,62000,0
2240,19000,62000,1
1982,15000,50000,0
3519,20000,70000,1
2951,35000,78000,1
3640,39000,68000,1
3243,35000,46000,1
2629,30000,54000,1
254,18000,62000,0
1139,36000,78000,0
1856,23000,76000,0
164,30000,58000,0
3424,28000,62000,1
3332,42000,68000,1
2620,34000,54000,1
1255,30000,50000,0
2422,38000,78000,1
858,29000,58000,0
1345,26000,52000,0
977,38000,62000,0
236,32000,58000,0
2385,27000,60000,1
3118,32000,56000,1
3713,44000,78000,1
95,26000,62000,0
931,34000,54000,0
3098,20000,76000,1
528,28000,58000,0
2088,44000,70000,1
3024,32000,44000,1
824,30000,72000,0
54,42000,42000,0
2407,20000,58000,1
1677,37000,46000,0
2589,32000,74000,1
17,31000,52000,0
387,19000,60000,0
2229,31000,44000,1
1813,29000,54000,0
2664,28000,54000,1
2968,35000,60000,1
2424,30000,50000,1
2868,19000,58000,1
990,35000,52000,0
3170,28000,56000,1
405,44000,62000,0
2521,39000,58000,1
2594,45000,44000,1
2245,29000,56000,1
2994,29000,62000,1
3324,29000,40000,1
186,27000,68000,0
1273,29000,78000,0
2459,39000,56000,1
181,27000,62000,0
3661,28000,58000,1
321,23000,58000,0
1272,33000,62000,0
2158,26000,38000,1
465,31000,62000,0
1699,40000,66000,0
1199,28000,56000,0
3418,28000,78000,1
1647,25000,34000,0
2290,19000,54000,1
3633,29000,46000,1
53,25000,76000,0
612,30000,42000,0
1976,34000,36000,0
2404,36000,62000,1
677,29000,52000,0
1177,36000,74000,0
467,39000,44000,0
3066,27000,56000,1
1835,31000,78000,0
446,22000,74000,0
282,33000,68000,0
19,28000,58000,0
2528,25000,58000,1
2395,27000,48000,1
1866,29000,62000,0
2548,23000,56000,1
1549,20000,64000,0
509,39000,58000,0
3697,27000,58000,1
702,27000,76000,0
1917,31000,80000,0
3635,29000,88000,1
1903,27000,34000,0
1445,30000,64000,0
2451,29000,56000,1
1844,31000,68000,0
2092,29000,66000,1
2865,29000,42000,1
835,28000,62000,0
2570,29000,56000,1
1509,29000,56000,0
8,24000,56000,0
1021,32000,62000,0
1497,27000,50000,0
2042,25000,50000,1
2025,19000,56000,1
367,29000,62000,0
10,26000,58000,0
1998,31000,50000,0
3629,28000,54000,1
566,29000,66000,0
2118,34000,50000,1
1781,38000,66000,0
418,30000,48000,0
3935,29000,40000,1
2091,26000,54000,1
139,38000,30000,0
3292,35000,62000,1
1472,33000,58000,0
1449,30000,70000,0
3591,20000,46000,1
402,28000,78000,0
464,25000,84000,0
713,25000,60000,0
320,27000,60000,0
3636,27000,52000,1
142,15000,44000,0
1263,29000,70000,0
1607,29000,30000,0
602,29000,54000,0
2450,27000,50000,1
63,30000,58000,0
1643,26000,76000,0
2093,32000,42000,1
2715,29000,58000,1
3751,26000,74000,1
180,30000,82000,0
3851,30000,56000,1
2394,27000,44000,1
562,19000,60000,0
1900,34000,52000,0
3576,28000,62000,1
2107,35000,74000,1
3231,15000,58000,1
2440,27000,56000,1
211,30000,88000,0
591,22000,78000,0
2762,29000,50000,1
3195,34000,54000,1
3887,27000,80000,1
632,31000,64000,0
1714,20000,58000,0
3372,18000,40000,1
2142,28000,58000,1
410,31000,60000,0
832,29000,62000,0
3928,23000,62000,1
771,31000,46000,0
1505,44000,58000,0
2725,28000,36000,1
346,27000,82000,0
995,27000,60000,0
106,34000,44000,0
3364,29000,52000,1
366,27000,52000,0
1788,26000,64000,0
2333,24000,52000,1
2479,34000,68000,1
779,28000,44000,0
2618,27000,58000,1
1279,30000,52000,0
1641,26000,72000,0
3099,38000,42000,1
2740,25000,54000,1
1231,33000,30000,0
484,15000,56000,0
2322,40000,32000,1
1675,30000,60000,0
964,35000,34000,0
3469,26000,62000,1
3493,34000,66000,1
565,33000,68000,0
1739,26000,48000,0
2121,31000,54000,1
3657,23000,70000,1
1822,20000,56000,0
1671,31000,54000,0
2982,24000,34000,1
1102,32000,66000,0
841,34000,84000,0
2285,27000,68000,1
865,31000,50000,0
3938,37000,74000,1
3832,38000,70000,1
2044,23000,64000,1
551,29000,54000,0
1640,34000,60000,0
3884,30000,50000,1
108,26000,68000,0
2214,29000,58000,1
1777,16000,52000,0
373,27000,44000,0
717,33000,52000,0
2442,32000,66000,1
1803,25000,86000,0
3400,29000,66000,1
2179,28000,72000,1
261,21000,68000,0
2493,27000,76000,1
2870,38000,76000,1
2983,34000,70000,1
3782,29000,68000,1
82,27000,54000,0
7,33000,62000,0
329,40000,60000,0
2174,28000,70000,1
3416,26000,84000,1
2644,31000,74000,1
2332,25000,54000,1
2785,29000,62000,1
3356,31000,44000,1
1116,34000,60000,0
695,34000,42000,0
267,18000,60000,0
166,29000,50000,0
757,32000,44000,0
1427,35000,32000,0
2859,36000,64000,1
131,34000,72000,0
735,30000,58000,0
2950,28000,60000,1
67,29000,70000,0
1746,21000,72000,0
1877,29000,66000,0
3397,35000,42000,1
3465,20000,38000,1
3402,20000,56000,1
785,19000,62000,0
3132,22000,58000,1
2151,26000,70000,1
400,35000,70000,0
833,26000,60000,0
3602,38000,54000,1
1648,36000,58000,0
3108,27000,52000,1
3426,25000,54000,1
72,30000,40000,0
2002,27000,60000,1
1755,32000,54000,0
3589,33000,42000,1
1752,26000,62000,0
2573,34000,78000,1
3974,28000,70000,1
2031,20000,34000,1
1730,31000,78000,0
3125,32000,50000,1
2801,35000,56000,1
673,44000,54000,0
2139,23000,46000,1
1820,28000,40000,0
2775,28000,52000,1
782,26000,38000,0
3104,33000,60000,1
361,31000,66000,0
1732,28000,54000,0
1612,31000,48000,0
516,33000,50000,0
690,30000,66000,0
2147,21000,58000,1
884,29000,60000,0
3310,28000,54000,1
1685,39000,60000,0
2926,28000,64000,1
541,41000,62000,0
252,32000,58000,0
1105,38000,68000,0
3780,28000,46000,1
3091,38000,66000,1
2013,31000,68000,1
3979,27000,66000,1
817,27000,88000,0
94,34000,34000,0
2633,29000,60000,1
641,29000,66000,0
3124,16000,58000,1
691,26000,62000,0
2185,33000,52000,1
1563,30000,48000,0
3741,34000,64000,1
1170,32000,50000,0
255,44000,74000,0
200,31000,54000,0
2686,33000,54000,1
3074,34000,68000,1
1229,35000,48000,0
1297,22000,40000,0
1802,41000,72000,0
913,37000,46000,0
3262,27000,34000,1
708,27000,34000,0
1832,29000,58000,0
1594,34000,40000,0
1588,38000,78000,0
1070,33000,34000,0
3401,25000,50000,1
3932,29000,50000,1
2166,28000,76000,1
3793,36000,52000,1
3004,26000,54000,1
3449,22000,42000,1
1487,24000,50000,0
223,29000,44000,0
2955,27000,74000,1
3202,30000,54000,1
3065,28000,90000,1
191,30000,62000,0
2555,23000,58000,1
3265,16000,56000,1
2833,22000,64000,1
11,35000,40000,0
3559,40000,54000,1
1735,37000,68000,0
3207,34000,50000,1
1437,29000,50000,0
274,28000,50000,0
814,33000,78000,0
568,25000,52000,0
1727,31000,50000,0
1723,31000,64000,0
2628,33000,50000,1
2515,27000,56000,1
3114,27000,46000,1
216,27000,68000,0
3743,27000,46000,1
923,40000,64000,0
3912,18000,80000,1
3043,35000,88000,1
3444,20000,70000,1
332,30000,78000,0
3632,36000,58000,1
2552,26000,88000,1
1952,27000,60000,0
2504,32000,60000,1
3671,31000,52000,1
3966,30000,54000,1
2789,33000,90000,1
1395,30000,68000,0
851,27000,52000,0
14,28000,52000,0
390,30000,78000,0
3604,34000,56000,1
1014,31000,56000,0
3346,19000,58000,1
3069,28000,42000,1
3747,29000,46000,1
3250,28000,68000,1
1595,33000,76000,0
1049,28000,70000,0
1766,37000,72000,0
2313,27000,58000,1
76,26000,60000,0
184,29000,58000,0
1257,32000,52000,0
1729,25000,58000,0
3316,23000,70000,1
2159,41000,78000,1
2599,33000,56000,1
1221,26000,32000,0
1556,36000,76000,0
1373,18000,68000,0
3291,18000,56000,1
455,33000,58000,0
707,32000,66000,0
1728,25000,64000,0
1259,26000,58000,0
18,33000,40000,0
343,20000,54000,0
850,27000,72000,0
3700,29000,56000,1
1124,22000,50000,0
1819,28000,42000,0
734,42000,42000,0
3968,38000,50000,1
3384,17000,54000,1
1336,32000,54000,0
3331,30000,76000,1
1352,38000,70000,0
3543,28000,58000,1
3757,27000,54000,1
468,34000,58000,0
1794,30000,64000,0
2960,28000,56000,1
1117,39000,64000,0
374,26000,32000,0
1463,41000,62000,0
2681,32000,54000,1
1219,26000,60000,0
2765,32000,78000,1
2977,37000,64000,1
347,30000,66000,0
2192,37000,52000,1
3073,29000,54000,1
2889,31000,58000,1
3973,33000,52000,1
3811,26000,56000,1
3642,33000,68000,1
2128,25000,62000,1
2799,17000,62000,1
2294,34000,42000,1
1307,24000,54000,0
326,27000,70000,0
1256,34000,74000,0
1112,15000,72000,0
2367,35000,68000,1
1080,22000,46000,0
747,31000,60000,0
2357,27000,58000,1
151,31000,66000,0
1447,30000,62000,0
2227,29000,56000,1
1945,21000,52000,0
705,36000,66000,0
838,26000,86000,0
2942,29000,60000,1
5,33000,46000,0
3041,30000,54000,1
1681,28000,52000,0
479,36000,38000,0
1097,23000,54000,0
2510,29000,72000,1
748,16000,58000,0
1220,30000,60000,0
2490,27000,56000,1
363,30000,66000,0
3338,38000,40000,1
218,35000,88000,0
2529,44000,70000,1
3711,43000,68000,1
1602,19000,62000,0
2669,23000,38000,1
2544,33000,74000,1
1993,37000,60000,0
1301,33000,68000,0
2345,37000,46000,1
2131,28000,64000,1
3845,35000,58000,1
2238,26000,62000,1
2508,19000,68000,1
3628,44000,58000,1
1292,25000,48000,0
49,33000,62000,0
1704,18000,66000,0
755,34000,58000,0
3129,35000,78000,1
1922,35000,48000,0
2803,29000,44000,1
1330,30000,70000,0
1510,25000,54000,0
1268,31000,50000,0
3891,22000,56000,1
1085,21000,62000,0
3687,29000,82000,1
409,27000,58000,0
2701,25000,54000,1
3253,27000,50000,1
2878,34000,70000,1
3044,22000,40000,1
2176,29000,52000,1
904,30000,66000,0
1533,30000,46000,0
564,35000,52000,0
1364,32000,40000,0
2745,30000,60000,1
676,30000,56000,0
3156,33000,70000,1
3038,33000,54000,1
511,30000,64000,0
2040,36000,62000,1
3943,21000,76000,1
585,25000,40000,0
2291,28000,48000,1
3275,25000,34000,1
3173,37000,56000,1
324,35000,80000,0
651,20000,76000,0
1420,32000,60000,0
1894,22000,64000,0
3656,27000,60000,1
3056,27000,52000,1
3223,34000,52000,1
2727,18000,56000,1
2520,34000,52000,1
28,35000,86000,0
2373,35000,68000,1
3920,27000,62000,1
3258,28000,78000,1
3009,41000,50000,1
3516,27000,66000,1
1172,29000,72000,0
3138,31000,56000,1
556,34000,68000,0
1667,31000,66000,0
3298,33000,62000,1
727,30000,52000,0
1017,32000,74000,0
2365,30000,62000,1
1416,35000,80000,0
725,31000,52000,0
510,25000,74000,0
3120,27000,74000,1
2778,28000,60000,1
2717,30000,34000,1
3969,31000,62000,1
796,29000,60000,0
947,16000,66000,0
2127,35000,54000,1
2095,35000,56000,1
2414,27000,54000,1
1374,19000,42000,0
3280,25000,68000,1
480,21000,56000,0
2421,38000,58000,1
3637,25000,70000,1
3911,21000,58000,1
540,31000,58000,0
3051,22000,56000,1
929,27000,60000,0
355,25000,58000,0
2065,44000,54000,1
3183,29000,60000,1
589,20000,82000,0
770,36000,58000,0
224,31000,58000,0
919,37000,38000,0
2175,35000,70000,1
225,31000,58000,0
3179,36000,56000,1
3406,29000,54000,1
1212,20000,60000,0
247,20000,56000,0
1956,38000,68000,0
1733,39000,60000,0
2671,16000,58000,1
3624,28000,68000,1
930,38000,66000,0
1160,34000,50000,0
2986,27000,66000,1
2010,27000,58000,1
2466,28000,34000,1
2003,39000,54000,1
1744,26000,68000,0
3349,30000,58000,1
2997,29000,66000,1
2164,24000,56000,1
3940,27000,58000,1
1708,25000,58000,0
839,30000,58000,0
2695,31000,54000,1
3739,26000,90000,1
424,40000,68000,0
3805,30000,56000,1
3011,38000,54000,1
1163,28000,56000,0
2465,32000,50000,1
863,15000,50000,0
1469,19000,70000,0
3185,25000,58000,1
444,30000,64000,0
1038,17000,62000,0
1650,31000,88000,0
885,27000,68000,0
3826,31000,68000,1
3436,26000,68000,1
1696,38000,60000,0
3499,25000,54000,1
2374,25000,66000,1
3997,28000,40000,1
1354,34000,44000,0
1191,39000,54000,0
1444,33000,64000,0
638,23000,52000,0
3842,30000,66000,1
2383,27000,58000,1
982,34000,68000,0
3303,27000,38000,1
1846,25000,50000,0
1270,21000,62000,0
3653,34000,52000,1
2258,26000,80000,1
1920,30000,66000,0
1923,32000,62000,0
1792,43000,68000,0
1938,30000,58000,0
3334,29000,66000,1
957,44000,56000,0
277,24000,62000,0
1494,26000,78000,0
1943,30000,70000,0
221,30000,52000,0
1908,27000,60000,0
948,22000,48000,0
3211,44000,64000,1
898,35000,62000,0
3489,28000,60000,1
1350,15000,62000,0
1186,29000,48000,0
836,31000,72000,0
1462,30000,76000,0
3238,30000,50000,1
317,30000,72000,0
3779,28000,72000,1
1138,31000,80000,0
1887,31000,64000,0
3229,29000,64000,1
2495,21000,52000,1
1816,21000,60000,0
1002,22000,50000,0
1348,26000,44000,0
1686,35000,68000,0
3977,31000,70000,1
2050,28000,60000,1
3199,33000,34000,1
504,31000,62000,0
2704,24000,70000,1
557,23000,32000,0
287,30000,50000,0
1662,34000,62000,0
3336,24000,56000,1
1870,30000,48000,0
1475,33000,42000,0
470,32000,62000,0
3209,39000,60000,1
900,30000,76000,0
2680,34000,68000,1
2413,27000,62000,1
2117,30000,54000,1
1300,29000,58000,0
1913,21000,60000,0
3075,16000,42000,1
203,30000,70000,0
1944,34000,60000,0
3016,29000,54000,1
3529,33000,50000,1
1652,29000,70000,0
584,29000,60000,0
1502,29000,78000,0
2239,25000,62000,1
1294,26000,72000,0
20,31000,60000,0
3497,27000,84000,1
136,28000,62000,0
3306,27000,80000,1
2231,17000,52000,1
2582,20000,88000,1
3287,27000,62000,1
1252,37000,62000,0
1979,20000,76000,0
3263,25000,54000,1
1188,15000,58000,0
729,31000,62000,0
214,30000,62000,0
2269,42000,58000,1
3686,31000,58000,1
1069,18000,66000,0
2930,28000,34000,1
3133,21000,70000,1
2511,27000,56000,1
9,30000,64000,0
1991,30000,58000,0
3319,36000,62000,1
3773,29000,54000,1
1061,38000,54000,0
3417,32000,50000,1
198,30000,76000,0
1829,31000,62000,0
3860,29000,74000,1
643,35000,62000,0
3909,31000,40000,1
2978,19000,64000,1
1706,23000,54000,0
2068,26000,50000,1
1035,39000,86000,0
3456,28000,62000,1
1153,23000,58000,0
3647,44000,70000,1
2317,27000,30000,1
951,31000,60000,0
554,34000,80000,0
699,31000,70000,0
2141,42000,58000,1
1541,35000,54000,0
1740,26000,84000,0
1919,30000,60000,0
155,36000,62000,0
1009,34000,54000,0
1157,29000,62000,0
2402,32000,46000,1
918,30000,78000,0
571,29000,40000,0
2281,25000,46000,1
1200,33000,56000,0
1185,31000,48000,0
2556,26000,46000,1
1659,43000,70000,0
2298,26000,42000,1
3380,34000,66000,1
3861,25000,68000,1
2612,22000,76000,1
1244,25000,42000,0
1911,28000,34000,0
2514,27000,84000,1
2561,27000,38000,1
2726,27000,54000,1
508,31000,74000,0
2546,29000,70000,1
1756,32000,74000,0
3274,32000,58000,1
2089,27000,62000,1
2182,29000,60000,1
3196,40000,64000,1
2172,25000,46000,1
621,37000,48000,0
1537,38000,50000,0
2709,32000,58000,1
2221,26000,48000,1
404,37000,74000,0
122,29000,58000,0
3694,29000,56000,1
704,35000,66000,0
456,29000,84000,0
3145,44000,78000,1
2079,29000,58000,1
3577,24000,68000,1
3214,33000,34000,1
2786,27000,56000,1
3644,31000,86000,1
1559,30000,58000,0
313,30000,68000,0
2679,25000,68000,1
1031,15000,62000,0
1276,25000,68000,0
408,25000,62000,0
538,23000,44000,0
3208,28000,68000,1
1542,32000,42000,0
1929,17000,50000,0
1638,15000,72000,0
1356,29000,82000,0
2872,17000,76000,1
2053,40000,50000,1
491,29000,38000,0
3358,44000,66000,1
1003,30000,50000,0
3090,29000,58000,1
311,26000,58000,0
3350,45000,54000,1
3488,32000,74000,1
2996,26000,60000,1
2437,29000,74000,1
259,39000,34000,0
731,26000,86000,0
1862,29000,60000,0
2184,31000,54000,1
2512,29000,40000,1
985,37000,60000,0
2361,23000,90000,1
447,30000,68000,0
3941,30000,58000,1
398,30000,62000,0
3398,24000,56000,1
548,24000,58000,0
2103,35000,54000,1
842,30000,84000,0
1532,27000,68000,0
2217,33000,62000,1
160,37000,56000,0
3685,30000,54000,1
2794,41000,48000,1
1039,20000,64000,0
2596,40000,68000,1
2233,27000,52000,1
345,31000,56000,0
2744,34000,40000,1
3492,28000,82000,1
1849,30000,78000,0
1523,33000,36000,0
2523,30000,40000,1
3355,27000,54000,1
634,30000,88000,0
1098,37000,44000,0
3527,29000,48000,1
3388,32000,70000,1
2363,30000,86000,1
478,39000,70000,0
3525,27000,50000,1
2359,31000,76000,1
473,31000,58000,0
386,31000,64000,0
1183,30000,50000,0
3904,29000,54000,1
1873,18000,68000,0
950,29000,68000,0
79,19000,46000,0
3650,28000,68000,1
2193,20000,46000,1
3859,19000,42000,1
3308,21000,68000,1
2623,34000,66000,1
1981,20000,68000,0
3775,37000,50000,1
3917,28000,70000,1
2807,38000,58000,1
1655,40000,60000,0
2916,28000,88000,1
3854,31000,62000,1
3895,15000,60000,1
89,28000,52000,0
1843,32000,58000,0
1372,35000,36000,0
3965,31000,56000,1
848,21000,62000,0
3807,30000,70000,1
3916,31000,44000,1
537,29000,70000,0
3615,19000,70000,1
1015,21000,38000,0
2595,29000,80000,1
57,35000,62000,0
2009,27000,70000,1
3447,34000,58000,1
642,38000,62000,0
2472,15000,58000,1
3870,34000,56000,1
3192,29000,86000,1
2738,23000,42000,1
3930,30000,60000,1
628,31000,62000,0
3363,27000,58000,1
649,32000,56000,0
1128,30000,62000,0
3761,26000,58000,1
2737,22000,48000,1
2320,33000,32000,1
2041,37000,54000,1
3042,30000,62000,1
2169,30000,46000,1
2114,29000,70000,1
822,33000,44000,0
101,30000,50000,0
275,31000,68000,0
1825,26000,54000,0
665,22000,56000,0
2791,32000,64000,1
667,31000,60000,0
726,30000,72000,0
334,31000,30000,0
3897,21000,90000,1
2212,27000,40000,1
2278,30000,48000,1
1071,30000,58000,0
3672,31000,54000,1
2340,27000,68000,1
2714,23000,60000,1
1180,39000,62000,0
3045,33000,58000,1
360,39000,44000,0
3281,19000,64000,1
437,30000,40000,0
239,30000,32000,0
1448,28000,62000,0
3247,36000,50000,1
2476,24000,30000,1
81,29000,50000,0
3221,31000,58000,1
2180,34000,46000,1
2113,25000,76000,1
2898,34000,56000,1
3588,25000,74000,1
3777,27000,66000,1
997,26000,58000,0
352,38000,78000,0
989,44000,76000,0
1400,33000,58000,0
2183,34000,56000,1
1204,29000,68000,0
604,31000,44000,0
767,29000,62000,0
1634,34000,48000,0
3359,31000,58000,1
3500,23000,64000,1
599,24000,52000,0
111,25000,52000,0
3158,28000,56000,1
1155,34000,86000,0
2222,33000,56000,1
2129,30000,68000,1
751,34000,84000,0
1515,25000,58000,0
2774,37000,54000,1
1804,44000,50000,0
2666,27000,50000,1
714,32000,52000,0
2647,24000,78000,1
3440,33000,54000,1
847,30000,78000,0
1625,32000,48000,0
492,29000,46000,0
1627,26000,60000,0
2537,27000,56000,1
1757,39000,58000,0
570,28000,54000,0
183,31000,56000,0
3441,28000,86000,1
2571,23000,56000,1
92,25000,66000,0
1237,27000,64000,0
2435,33000,38000,1
3553,21000,56000,1
1041,44000,56000,0
3923,19000,50000,1
816,25000,68000,0
2940,27000,62000,1
77,35000,86000,0
555,30000,52000,0
3484,31000,52000,1
3606,36000,78000,1
1703,30000,40000,0
3759,35000,64000,1
2954,27000,70000,1
193,29000,60000,0
3515,26000,76000,1
1351,38000,60000,0
2708,33000,58000,1
1776,31000,50000,0
3814,32000,86000,1
1798,35000,80000,0
3983,27000,70000,1
1277,30000,52000,0
306,34000,52000,0
2747,25000,38000,1
2749,40000,44000,1
1457,30000,58000,0
3070,30000,74000,1
2328,29000,82000,1
644,30000,56000,0
1891,30000,58000,0
3053,22000,42000,1
2703,24000,76000,1
766,29000,44000,0
2055,33000,44000,1
934,28000,50000,0
3843,27000,66000,1
2379,32000,42000,1
1687,39000,66000,0
680,30000,54000,0
2991,35000,56000,1
3863,25000,58000,1
383,30000,48000,0
2827,27000,46000,1
2975,24000,66000,1
323,25000,80000,0
2718,31000,72000,1
3438,40000,44000,1
2698,16000,58000,1
1598,30000,44000,0
3377,32000,64000,1
1713,29000,42000,0
3913,36000,66000,1
819,30000,70000,0
3153,38000,64000,1
664,35000,62000,0
3453,31000,30000,1
3649,28000,70000,1
2036,31000,54000,1
2776,30000,64000,1
2720,29000,52000,1
55,29000,58000,0
2764,27000,52000,1
3830,28000,54000,1
3787,25000,56000,1
3317,25000,66000,1
2832,42000,52000,1
553,27000,52000,0
2265,37000,56000,1
3662,25000,88000,1
3595,29000,66000,1
1283,35000,62000,0
3795,35000,40000,1
2734,28000,56000,1
3285,27000,66000,1
3345,39000,42000,1
1796,39000,62000,0
3522,28000,58000,1
1702,31000,70000,0
3143,18000,66000,1
493,22000,52000,0
3992,34000,70000,1
794,31000,56000,0
3873,27000,54000,1
3259,21000,56000,1
1246,34000,62000,0
3608,28000,78000,1
2524,30000,72000,1
837,20000,38000,0
1121,29000,68000,0
2337,31000,52000,1
3626,27000,64000,1
3461,34000,62000,1
772,16000,44000,0
646,21000,62000,0
1603,29000,58000,0
3561,35000,58000,1
3182,28000,82000,1
1424,37000,58000,0
3477,30000,80000,1
2310,19000,60000,1
2842,32000,76000,1
2783,26000,78000,1
3872,28000,58000,1
784,24000,58000,0
3450,35000,30000,1
2223,32000,58000,1
2467,17000,62000,1
2447,26000,52000,1
889,33000,60000,0
60,31000,72000,0
2270,23000,62000,1
1693,33000,70000,0
3817,34000,56000,1
459,31000,74000,0
439,27000,56000,0
3605,27000,56000,1
1396,28000,36000,0
2314,21000,52000,1
3061,30000,74000,1
3431,27000,54000,1
443,33000,42000,0
56,32000,42000,0
2133,34000,80000,1
74,36000,58000,0
3459,28000,50000,1
2235,42000,66000,1
2392,25000,48000,1
3701,34000,58000,1
3082,34000,58000,1
2793,24000,68000,1
3758,34000,56000,1
648,29000,72000,0
3193,26000,86000,1
2076,33000,80000,1
2305,20000,58000,1
2909,31000,70000,1
1485,40000,30000,0
3343,25000,60000,1
3593,44000,52000,1
2380,31000,66000,1
2908,29000,88000,1
1801,35000,80000,0
718,19000,68000,0
42,29000,64000,0
1596,28000,44000,0
96,30000,56000,0
668,29000,56000,0
3422,35000,56000,1
1265,19000,62000,0
1006,31000,72000,0
2499,27000,90000,1
2911,33000,54000,1
2244,26000,82000,1
2713,16000,62000,1
3778,27000,64000,1
1833,28000,58000,0
1606,39000,70000,0
2301,35000,78000,1
1601,29000,48000,0
523,35000,60000,0
3530,37000,52000,1
3463,38000,76000,1
1864,31000,58000,0
1939,30000,70000,0
2959,29000,68000,1
2943,29000,34000,1
823,31000,62000,0
2768,29000,72000,1
2578,26000,76000,1
1114,25000,62000,0
1095,33000,50000,0
3382,19000,58000,1
1762,30000,74000,0
2198,42000,56000,1
1166,39000,62000,0
3404,28000,62000,1
113,39000,80000,0
953,31000,34000,0
2387,22000,86000,1
3634,26000,52000,1
2621,34000,90000,1
302,25000,38000,0
1211,29000,78000,0
2246,28000,60000,1
2656,37000,38000,1
3222,34000,62000,1
1787,30000,74000,0
3852,33000,36000,1
127,24000,48000,0
1388,26000,52000,0
3451,27000,72000,1
3353,22000,54000,1
241,43000,78000,0
1099,36000,62000,0
1499,27000,84000,0
3726,23000,56000,1
3623,33000,54000,1
2006,34000,64000,1
672,21000,56000,0
1568,30000,34000,0
2438,26000,64000,1
706,29000,36000,0
1745,37000,68000,0
1626,23000,38000,0
297,22000,60000,0
3167,30000,58000,1
3612,27000,32000,1
1422,33000,52000,0
1132,27000,62000,0
2390,34000,54000,1
3021,35000,30000,1
872,26000,68000,0
1868,25000,64000,0
1429,31000,66000,0
3249,23000,54000,1
698,26000,56000,0
853,28000,68000,0
560,28000,42000,0
44,29000,84000,0
172,31000,58000,0
281,37000,56000,0
3433,34000,56000,1
414,31000,58000,0
3128,32000,58000,1
319,44000,44000,0
1697,35000,62000,0
875,29000,60000,0
2268,31000,64000,1
1507,26000,32000,0
1316,33000,58000,0
3246,26000,66000,1
1241,31000,54000,0
2299,35000,60000,1
477,25000,54000,0
1851,44000,42000,0
3532,25000,70000,1
3538,27000,56000,1
2405,32000,38000,1
781,32000,80000,0
3361,19000,72000,1
2163,27000,58000,1
790,28000,40000,0
3755,21000,50000,1
3235,33000,64000,1
3841,28000,68000,1
810,28000,54000,0
2308,31000,68000,1
2177,31000,56000,1
886,18000,60000,0
330,36000,48000,0
2329,40000,64000,1
3586,28000,30000,1
2741,38000,52000,1
231,34000,48000,0
1493,34000,58000,0
979,37000,70000,0
1096,33000,58000,0
2639,33000,54000,1
3526,28000,40000,1
2197,35000,36000,1
126,37000,56000,0
2474,29000,42000,1
2213,40000,56000,1
1778,30000,56000,0
1958,29000,58000,0
3378,39000,70000,1
167,31000,56000,0
2781,27000,66000,1
1722,19000,50000,0
2343,37000,64000,1
550,27000,70000,0
569,25000,52000,0
58,40000,62000,0
2248,27000,62000,1
2553,30000,62000,1
2330,33000,60000,1
1357,29000,62000,0
1005,31000,62000,0
3146,19000,56000,1
284,44000,58000,0
2428,44000,62000,1
2432,27000,54000,1
3039,26000,46000,1
3115,30000,66000,1
1500,32000,50000,0
1238,31000,70000,0
41,17000,60000,0
1562,29000,32000,0
2037,43000,68000,1
3674,20000,30000,1
1410,20000,62000,0
486,40000,62000,0
3014,27000,50000,1
3297,27000,70000,1
3468,20000,56000,1
2692,28000,66000,1
1460,35000,62000,0
3261,41000,56000,1
1782,33000,68000,0
910,22000,88000,0
1226,31000,50000,0
3995,23000,64000,1
3094,38000,72000,1
973,35000,54000,0
1156,43000,68000,0
3575,40000,50000,1
3101,40000,78000,1
719,34000,70000,0
3800,32000,56000,1
2153,43000,50000,1
2423,29000,72000,1
635,31000,62000,0
1377,26000,60000,0
3691,26000,54000,1
812,25000,54000,0
3592,32000,66000,1
1912,21000,56000,0
490,29000,62000,0
2710,25000,56000,1
1886,28000,62000,0
3888,32000,72000,1
1048,26000,58000,0
1327,32000,64000,0
3339,35000,62000,1
1037,31000,64000,0
2477,33000,70000,1
1161,30000,74000,0
2140,33000,54000,1
924,29000,58000,0
3052,20000,56000,1
1126,25000,62000,0
2972,31000,56000,1
2262,21000,42000,1
162,35000,62000,0
3809,29000,64000,1
2705,31000,48000,1
245,32000,80000,0
1889,22000,58000,0
3410,26000,54000,1
2355,30000,52000,1
1683,29000,44000,0
2058,35000,48000,1
1290,35000,72000,0
700,29000,50000,0
2821,29000,72000,1
2202,29000,62000,1
2210,33000,90000,1
971,28000,58000,0
1949,35000,72000,0
3594,29000,52000,1
2676,25000,56000,1
3270,35000,66000,1
3781,28000,56000,1
141,33000,70000,0
497,24000,76000,0
2614,33000,50000,1
2643,36000,66000,1
3076,25000,76000,1
1368,32000,62000,0
499,30000,84000,0
243,32000,66000,0
3305,31000,62000,1
1575,35000,52000,0
617,36000,62000,0
2759,28000,54000,1
936,33000,56000,0
2028,31000,66000,1
1678,43000,34000,0
1413,32000,66000,0
3547,41000,56000,1
3379,32000,40000,1
1914,34000,58000,0
1335,33000,46000,0
1583,28000,50000,0
433,22000,56000,0
3730,29000,44000,1
1479,27000,70000,0
601,20000,70000,0
2684,35000,42000,1
3107,36000,56000,1
1261,26000,66000,0
1000,23000,58000,0
3282,28000,52000,1
36,31000,74000,0
2927,30000,70000,1
3031,33000,64000,1
1807,27000,40000,0
62,38000,76000,0
2836,36000,38000,1
2980,38000,56000,1
1151,28000,50000,0
2568,28000,54000,1
1278,33000,64000,0
1815,19000,62000,0
3508,29000,68000,1
723,29000,30000,0
1040,30000,68000,0
791,23000,56000,0
3140,28000,56000,1
1715,35000,70000,0
574,39000,34000,0
256,28000,64000,0
686,42000,68000,0
2124,31000,62000,1
3227,25000,66000,1
157,32000,58000,0
3600,26000,46000,1
1581,23000,50000,0
3003,33000,66000,1
2448,36000,44000,1
873,28000,64000,0
420,33000,60000,0
3667,34000,40000,1
212,35000,72000,0
3564,28000,60000,1
2938,16000,58000,1
881,29000,54000,0
3724,23000,54000,1
158,35000,50000,0
2463,37000,30000,1
518,33000,50000,0
572,29000,70000,0
828,40000,62000,0
3251,25000,42000,1
1146,33000,48000,0
878,19000,66000,0
1840,27000,44000,0
3295,27000,58000,1
530,27000,54000,0
956,30000,54000,0
2624,29000,68000,1
1754,28000,82000,0
1253,31000,38000,0
588,28000,60000,0
3466,27000,36000,1
3929,33000,50000,1
2663,37000,30000,1
1899,31000,60000,0
1780,37000,50000,0
2961,29000,86000,1
1795,30000,58000,0
3476,26000,82000,1
1018,28000,46000,0
2408,30000,68000,1
2722,26000,58000,1
3598,28000,30000,1
1691,34000,52000,0
1181,36000,48000,0
1074,30000,80000,0
2346,28000,58000,1
1358,30000,32000,0
3959,29000,64000,1
3744,28000,56000,1
3112,25000,38000,1
1522,29000,56000,0
2873,26000,40000,1
3922,27000,64000,1
3837,35000,74000,1
991,16000,84000,0
2901,37000,62000,1
1871,32000,62000,0
314,28000,58000,0
962,32000,50000,0
1786,23000,60000,0
3176,29000,62000,1
206,35000,54000,0
2259,19000,80000,1
3568,26000,54000,1
426,26000,64000,0
1482,34000,62000,0
3939,23000,88000,1
1321,36000,62000,0
3172,22000,66000,1
3186,34000,30000,1
2253,33000,56000,1
1809,33000,66000,0
1907,31000,56000,0
65,28000,76000,0
1044,25000,60000,0
1486,22000,74000,0
1689,35000,32000,0
2008,28000,78000,1
1026,26000,54000,0
728,37000,58000,0
2372,26000,54000,1
1266,29000,42000,0
2806,26000,58000,1
2382,37000,52000,1
75,29000,54000,0
3783,28000,76000,1
1589,41000,62000,0
1628,31000,58000,0
2852,19000,66000,1
2882,28000,54000,1
775,31000,46000,0
2565,28000,50000,1
2893,29000,56000,1
3277,25000,54000,1
3012,35000,52000,1
2848,24000,62000,1
2584,35000,56000,1
3067,32000,58000,1
531,34000,52000,0
3089,41000,58000,1
1688,25000,62000,0
3110,35000,60000,1
1725,43000,66000,0
349,36000,60000,0
356,19000,56000,0
1826,32000,60000,0
3480,25000,70000,1
1933,25000,84000,0
3184,21000,54000,1
2020,42000,66000,1
2336,23000,68000,1
61,26000,66000,0
3109,33000,68000,1
671,32000,60000,0
86,24000,52000,0
2352,37000,58000,1
626,23000,70000,0
3201,27000,76000,1
3260,28000,54000,1
50,32000,42000,0
2797,21000,60000,1
2309,28000,76000,1
720,40000,84000,0
1953,36000,62000,0
280,29000,60000,0
3293,31000,58000,1
3413,22000,56000,1
2931,27000,64000,1
1030,28000,66000,0
3728,30000,82000,1
1584,20000,60000,0
365,31000,66000,0
3812,28000,54000,1
388,29000,56000,0
2626,27000,84000,1
26,30000,68000,0
3893,28000,54000,1
2501,44000,62000,1
583,26000,62000,0
1779,29000,62000,0
1137,34000,66000,0
1608,20000,60000,0
1642,32000,46000,0
670,33000,60000,0
1925,29000,36000,0
215,16000,58000,0
170,34000,62000,0
2586,36000,52000,1
1726,28000,70000,0
2683,21000,78000,1
1293,29000,66000,0
3833,30000,52000,1
2526,42000,56000,1
710,30000,50000,0
1152,36000,62000,0
640,43000,62000,0
1110,37000,62000,0
1298,29000,58000,0
2275,35000,90000,1
1193,33000,50000,0
348,18000,70000,0
2257,23000,64000,1
132,19000,58000,0
1997,27000,70000,0
1941,36000,42000,0
2236,42000,58000,1
2397,26000,54000,1
3772,31000,52000,1
587,30000,62000,0
3681,29000,54000,1
3980,31000,54000,1
417,29000,32000,0
1182,28000,52000,0
3002,31000,60000,1
3953,21000,56000,1
2360,35000,62000,1
595,29000,62000,0
3655,28000,74000,1
91,29000,58000,0
1287,30000,68000,0
715,29000,56000,0
2168,39000,50000,1
922,20000,52000,0
3858,45000,56000,1
2157,31000,84000,1
1946,29000,68000,0
1673,30000,62000,0
1023,41000,50000,0
932,24000,64000,0
577,21000,72000,0
2603,29000,58000,1
1511,31000,38000,0
871,30000,38000,0
3218,30000,38000,1
2307,30000,50000,1
1169,31000,80000,0
1751,23000,68000,0
2016,29000,74000,1
1004,31000,62000,0
609,20000,58000,0
1398,33000,66000,0
1705,33000,44000,0
2506,28000,32000,1
3536,28000,42000,1
806,26000,80000,0
3040,25000,32000,1
3903,29000,62000,1
1480,35000,78000,0
460,30000,58000,0
177,25000,80000,0
3815,16000,32000,1
2642,16000,50000,1
2203,33000,54000,1
2303,27000,52000,1
594,23000,50000,0
887,21000,50000,0
1059,24000,38000,0
1454,24000,88000,0
2667,34000,64000,1
935,24000,60000,0
2585,27000,86000,1
379,29000,62000,0
1592,29000,72000,0
937,25000,62000,0
2534,30000,44000,1
1215,40000,38000,0
2707,32000,58000,1
238,34000,54000,0
1554,41000,62000,0
227,27000,60000,0
3420,33000,72000,1
2066,39000,64000,1
148,26000,58000,0
2795,24000,76000,1
1434,29000,54000,0
2577,15000,42000,1
970,42000,62000,0
2918,36000,56000,1
1187,30000,70000,0
2672,24000,58000,1
1317,27000,84000,0
2019,20000,70000,1
1334,29000,74000,0
1148,26000,50000,0
544,33000,68000,0
3141,33000,78000,1
133,19000,58000,0
1969,22000,50000,0
1741,30000,56000,0
2046,28000,50000,1
3693,20000,58000,1
2899,27000,66000,1
2000,28000,76000,1
342,29000,58000,0
3394,28000,58000,1
178,39000,52000,0
1561,32000,64000,0
536,31000,64000,0
1073,28000,48000,0
733,17000,60000,0
2069,37000,58000,1
2757,27000,54000,1
3770,36000,32000,1
1375,29000,60000,0
3847,29000,52000,1
257,29000,58000,0
3520,28000,58000,1
3088,34000,34000,1
2206,32000,54000,1
3077,30000,86000,1
2999,20000,34000,1
1690,31000,44000,0
1346,34000,62000,0
248,31000,60000,0
524,30000,60000,0
1975,29000,40000,0
429,20000,52000,0
1609,33000,36000,0
1806,32000,66000,0
1451,37000,58000,0
207,34000,68000,0
3326,22000,52000,1
38,26000,56000,0
3144,33000,68000,1
945,17000,60000,0
3368,40000,66000,1
1553,31000,68000,0
2554,31000,32000,1
3621,21000,62000,1
3160,23000,32000,1
3611,23000,76000,1
608,33000,50000,0
843,29000,68000,0
3834,44000,54000,1
2771,33000,76000,1
1397,35000,58000,0
1909,25000,56000,0
3503,27000,70000,1
442,40000,72000,0
3092,37000,54000,1
1228,23000,64000,0
1470,34000,62000,0
2886,20000,56000,1
2288,28000,90000,1
3269,44000,76000,1
1143,29000,88000,0
1529,34000,48000,0
3610,36000,66000,1
188,33000,58000,0
2903,28000,56000,1
883,30000,40000,0
2539,34000,50000,1
3910,20000,56000,1
1466,38000,60000,0
240,35000,54000,0
2108,29000,84000,1
3948,24000,50000,1
895,29000,62000,0
1,36000,50000,0
1425,25000,44000,0
391,39000,58000,0
2005,25000,42000,1
1113,32000,50000,0
2416,25000,70000,1
3376,42000,60000,1
914,19000,54000,0
575,21000,54000,0
1977,35000,84000,0
2267,32000,40000,1
3540,32000,56000,1
242,30000,54000,0
3370,28000,66000,1
1411,29000,70000,0
3390,34000,58000,1
3796,32000,66000,1
3669,27000,64000,1
338,29000,74000,0
683,30000,58000,0
1407,26000,30000,0
1249,44000,54000,0
2362,38000,58000,1
2478,21000,50000,1
2884,32000,56000,1
318,29000,56000,0
3072,44000,68000,1
798,30000,62000,0
2353,31000,62000,1
2457,37000,52000,1
2264,23000,62000,1
2693,35000,54000,1
647,31000,62000,0
403,43000,60000,0
451,30000,50000,0
2021,35000,64000,1
1534,31000,54000,0
222,31000,58000,0
1086,29000,74000,0
2271,26000,52000,1
3490,26000,62000,1
3139,35000,52000,1
1950,39000,60000,0
526,27000,82000,0
520,20000,60000,0
1910,20000,62000,0
2756,34000,52000,1
2779,35000,68000,1
3048,28000,56000,1
3528,30000,54000,1
3408,19000,64000,1
1392,31000,64000,0
2800,24000,42000,1
2393,29000,86000,1
1793,29000,66000,0
295,25000,58000,0
783,25000,66000,0
1223,29000,82000,0
1442,27000,80000,0
2389,24000,84000,1
2730,31000,54000,1
859,25000,62000,0
650,20000,64000,0
2144,27000,44000,1
2732,38000,66000,1
1218,32000,66000,0
2823,35000,56000,1
83,32000,74000,0
1753,30000,68000,0
2541,30000,60000,1
3407,18000,56000,1
2292,22000,44000,1
2542,45000,80000,1
2773,21000,80000,1
1056,22000,66000,0
3537,29000,70000,1
2936,36000,56000,1
586,15000,72000,0
1700,28000,78000,0
864,33000,86000,0
1967,38000,86000,0
2971,33000,60000,1
1280,30000,58000,0
2250,28000,48000,1
2468,27000,64000,1
152,20000,52000,0
2914,25000,64000,1
298,38000,70000,0
2897,32000,58000,1
68,39000,60000,0
3630,23000,66000,1
2469,28000,44000,1
3050,31000,58000,1
1545,31000,50000,0
694,21000,56000,0
1344,35000,52000,0
3430,27000,56000,1
2856,24000,52000,1
3159,33000,78000,1
1054,23000,74000,0
431,29000,62000,0
393,30000,64000,0
3896,28000,58000,1
2952,37000,58000,1
2024,28000,46000,1
344,28000,40000,0
2847,43000,46000,1
2796,30000,54000,1
34,33000,58000,0
1539,33000,56000,0
1325,30000,64000,0
1165,25000,40000,0
2243,29000,50000,1
2611,33000,64000,1
2111,32000,70000,1
3443,32000,46000,1
1339,31000,52000,0
659,33000,62000,0
3046,41000,54000,1
292,33000,50000,0
3154,40000,86000,1
1461,43000,48000,0
2635,29000,52000,1
3677,27000,58000,1
3013,45000,58000,1
279,32000,58000,0
2279,35000,44000,1
852,30000,44000,0
3975,32000,62000,1
1439,44000,86000,0
1665,28000,68000,0
736,29000,48000,0
1711,24000,68000,0
789,25000,42000,0
2973,25000,72000,1
3619,20000,38000,1
2581,31000,56000,1
892,30000,44000,0
2984,20000,54000,1
2486,29000,60000,1
3572,25000,76000,1
981,34000,58000,0
2306,29000,68000,1
618,30000,62000,0
1747,38000,66000,0
1707,26000,62000,0
903,26000,62000,0
1750,27000,42000,0
1399,36000,64000,0
1217,22000,44000,0
3161,27000,54000,1
2788,32000,46000,1
2830,27000,80000,1
1421,30000,54000,0
1417,32000,76000,0
335,29000,60000,0
2181,34000,34000,1
674,21000,64000,0
629,38000,64000,0
3926,30000,54000,1
1525,40000,52000,0
2533,26000,54000,1
15,23000,50000,0
2944,33000,86000,1
2167,29000,86000,1
3432,32000,56000,1
2630,39000,66000,1
1484,22000,48000,0
558,15000,62000,0
1136,26000,62000,0
3643,17000,34000,1
2691,35000,56000,1
3717,45000,54000,1
1504,18000,60000,0
2207,31000,78000,1
521,28000,68000,0
2249,27000,56000,1
2148,27000,56000,1
2939,40000,54000,1
3300,31000,54000,1
3878,34000,58000,1
3415,35000,50000,1
3729,42000,50000,1
3566,25000,74000,1
2590,27000,54000,1
3652,31000,58000,1
2929,29000,38000,1
654,43000,70000,0
1931,28000,84000,0
801,42000,88000,0
543,30000,50000,0
471,32000,58000,0
1974,31000,34000,0
109,27000,52000,0
3875,25000,58000,1
1827,28000,56000,0
3745,23000,54000,1
1032,29000,70000,0
1546,27000,60000,0
906,31000,54000,0
877,31000,52000,0
1649,30000,80000,0
1340,34000,60000,0
2518,35000,52000,1
3501,38000,58000,1
829,43000,58000,0
1122,25000,38000,0
3907,26000,64000,1
124,25000,58000,0
2323,29000,52000,1
3534,34000,76000,1
3876,18000,56000,1
2201,34000,66000,1
3512,34000,86000,1
308,35000,60000,0
1737,31000,50000,0
1593,21000,66000,0
399,24000,58000,0
3445,29000,62000,1
805,38000,70000,0
1995,25000,68000,0
3105,43000,54000,1
739,33000,68000,0
1663,29000,68000,0
1724,30000,62000,0
1684,18000,52000,0
696,30000,70000,0
380,29000,56000,0
3539,35000,68000,1
496,28000,78000,0
2834,33000,60000,1
689,26000,32000,0
266,29000,62000,0
3213,25000,58000,1
1057,30000,60000,0
3049,29000,50000,1
3715,29000,48000,1
37,29000,78000,0
150,30000,50000,0
1651,35000,60000,0
3126,27000,58000,1
2226,26000,40000,1
3242,26000,58000,1
3950,24000,50000,1
336,44000,60000,0
3323,33000,44000,1
2572,26000,32000,1
3976,20000,60000,1
3017,20000,32000,1
134,28000,52000,0
501,27000,42000,0
2989,18000,74000,1
1521,34000,58000,0
2287,21000,74000,1
3505,36000,56000,1
3093,24000,88000,1
3603,39000,52000,1
3340,27000,74000,1
213,23000,74000,0
3571,28000,60000,1
1965,34000,42000,0
2011,33000,54000,1
2920,33000,80000,1
1209,30000,60000,0
416,31000,64000,0
1455,25000,58000,0
2545,33000,52000,1
1349,33000,74000,0
1242,31000,62000,0
1644,28000,48000,0
1322,21000,66000,0
3047,35000,72000,1
3137,27000,42000,1
3583,26000,56000,1
3753,39000,84000,1
2043,29000,56000,1
1119,31000,48000,0
2371,25000,50000,1
681,21000,68000,0
2825,28000,48000,1
1093,25000,52000,0
1147,35000,70000,0
788,36000,62000,0
115,38000,50000,0
