,Price,Weight,Type
1962,30000,66000,0
2112,27000,60000,1
1314,27000,40000,0
2563,32000,68000,1
3191,18000,58000,1
2858,27000,68000,1
3960,33000,38000,1
1936,27000,56000,0
2885,34000,56000,1
3078,33000,66000,1
494,44000,72000,0
3750,31000,56000,1
2507,39000,54000,1
1379,42000,50000,0
2439,39000,60000,1
3060,35000,74000,1
3062,26000,54000,1
818,30000,60000,0
1385,29000,62000,0
1630,32000,60000,0
1934,30000,44000,0
2481,35000,50000,1
1623,33000,46000,0
3027,33000,64000,1
2077,26000,76000,1
2974,33000,52000,1
2610,31000,58000,1
3839,26000,38000,1
2809,37000,54000,1
3234,40000,44000,1
3079,28000,56000,1
2990,17000,58000,1
438,17000,56000,0
1999,37000,62000,0
3244,20000,50000,1
176,39000,88000,0
1158,43000,68000,0
3746,30000,54000,1
882,31000,62000,0
1784,31000,66000,0
3748,25000,56000,1
613,16000,46000,0
2149,28000,54000,1
3708,26000,90000,1
396,39000,54000,0
3371,28000,50000,1
1250,39000,64000,0
1028,23000,54000,0
3987,34000,50000,1
2125,33000,38000,1
786,35000,68000,0
2441,32000,70000,1
1506,36000,58000,0
498,32000,40000,0
1359,32000,60000,0
3187,22000,60000,1
3958,33000,60000,1
1331,28000,62000,0
3844,32000,66000,1
2905,29000,58000,1
2696,32000,88000,1
1635,36000,38000,0
633,31000,58000,0
2761,25000,58000,1
2059,41000,68000,1
866,29000,76000,0
2658,29000,50000,1
304,21000,54000,0
2321,30000,54000,1
0,22000,60000,0
2591,21000,42000,1
2187,25000,60000,1
3369,32000,72000,1
2653,31000,52000,1
3106,31000,70000,1
2319,40000,54000,1
2752,32000,54000,1
226,30000,60000,0
378,30000,60000,0
32,37000,40000,0
3714,37000,56000,1
1548,40000,30000,0
3865,34000,70000,1
2256,33000,76000,1
944,32000,68000,0
2170,34000,60000,1
3289,45000,44000,1
3236,40000,74000,1
1882,28000,34000,0
1236,32000,78000,0
2230,30000,78000,1
3165,24000,66000,1
3178,41000,76000,1
3763,30000,66000,1
411,20000,42000,0
3135,31000,68000,1
2054,28000,56000,1
2415,15000,58000,1
273,29000,58000,0
2527,28000,74000,1
2377,25000,44000,1
3541,29000,58000,1
3885,27000,70000,1
2138,25000,44000,1
1618,35000,68000,0
1024,33000,58000,0
2295,34000,58000,1
1384,28000,50000,0
2946,26000,44000,1
1520,30000,38000,0
359,29000,58000,0
46,25000,60000,0
1718,29000,50000,0
902,31000,62000,0
2625,24000,56000,1
312,28000,52000,0
2751,29000,66000,1
2817,19000,60000,1
3991,18000,48000,1
1033,31000,58000,0
1524,38000,64000,0
2841,35000,50000,1
230,37000,60000,0
107,31000,64000,0
1516,35000,62000,0
1275,25000,64000,0
3752,26000,58000,1
3801,26000,40000,1
891,31000,84000,0
2266,27000,86000,1
1382,31000,54000,0
1918,31000,42000,0
2349,30000,66000,1
3454,30000,40000,1
1036,18000,50000,0
2877,33000,62000,1
1197,36000,68000,0
1282,27000,68000,0
3335,35000,56000,1
2864,29000,56000,1
1631,29000,54000,0
3152,18000,68000,1
1672,30000,72000,0
3620,44000,68000,1
1834,31000,78000,0
3914,38000,52000,1
1895,30000,62000,0
3347,15000,66000,1
104,25000,80000,0
958,30000,64000,0
1245,25000,68000,0
3899,30000,60000,1
768,33000,32000,0
3721,35000,60000,1
2985,28000,76000,1
30,19000,50000,0
466,25000,52000,0
1805,36000,52000,0
246,40000,70000,0
3924,31000,60000,1
3395,38000,36000,1
1251,33000,66000,0
661,31000,60000,0
2502,41000,62000,1
3684,29000,80000,1
2947,25000,68000,1
110,24000,60000,0
2342,33000,66000,1
147,36000,58000,0
876,27000,62000,0
1551,31000,56000,0
100,30000,80000,0
527,28000,74000,0
47,30000,60000,0
453,35000,60000,0
339,31000,62000,0
3494,23000,56000,1
1127,31000,58000,0
3866,24000,52000,1
3764,31000,72000,1
3001,28000,46000,1
870,30000,66000,0
2327,29000,56000,1
3902,34000,62000,1
293,27000,42000,0
2668,27000,44000,1
3723,37000,36000,1
988,30000,60000,0
2933,25000,68000,1
401,24000,54000,0
2452,42000,50000,1
2241,29000,90000,1
1286,30000,80000,0
3698,35000,66000,1
3,35000,66000,0
610,39000,54000,0
2891,41000,54000,1
1514,35000,58000,0
2536,40000,62000,1
2934,29000,56000,1
2792,29000,80000,1
1387,40000,60000,0
1620,29000,54000,0
2729,33000,58000,1
868,28000,60000,0
235,37000,40000,0
2551,27000,58000,1
744,28000,82000,0
3362,27000,54000,1
1274,35000,76000,0
1657,22000,60000,0
1654,35000,52000,0
2247,29000,38000,1
1214,22000,58000,0
3838,27000,50000,1
2473,19000,44000,1
149,29000,42000,0
750,29000,50000,0
3641,35000,76000,1
3784,31000,58000,1
2682,34000,86000,1
1828,25000,66000,0
2866,34000,64000,1
1988,26000,40000,0
1930,35000,60000,0
1224,30000,60000,0
1948,42000,50000,0
749,33000,64000,0
1567,25000,76000,0
742,39000,60000,0
1906,21000,40000,0
3197,43000,72000,1
370,42000,60000,0
2130,26000,58000,1
966,25000,58000,0
3981,27000,66000,1
907,33000,48000,0
3947,21000,70000,1
1720,31000,52000,0
961,29000,60000,0
196,36000,56000,0
1090,36000,62000,0
457,30000,56000,0
2096,30000,56000,1
2195,26000,64000,1
980,18000,74000,0
3794,32000,68000,1
1599,33000,36000,0
787,25000,40000,0
2171,25000,40000,1
2347,19000,38000,1
1341,34000,58000,0
1415,24000,60000,0
262,33000,60000,0
1915,33000,72000,0
2845,22000,58000,1
3194,32000,70000,1
2967,30000,56000,1
3511,28000,44000,1
657,30000,54000,0
2787,41000,62000,1
3556,18000,52000,1
2880,25000,58000,1
3166,31000,88000,1
849,29000,78000,0
129,31000,58000,0
45,29000,60000,0
2543,33000,34000,1
288,26000,74000,0
1590,31000,62000,0
765,28000,80000,0
333,28000,72000,0
3580,37000,56000,1
2887,27000,52000,1
3696,17000,58000,1
1393,29000,54000,0
2444,22000,68000,1
3217,32000,74000,1
2018,27000,52000,1
3734,30000,76000,1
80,18000,64000,0
2061,28000,70000,1
2820,27000,38000,1
3573,26000,58000,1
826,34000,48000,0
2567,25000,56000,1
3267,29000,54000,1
2558,43000,54000,1
2283,37000,72000,1
3102,27000,70000,1
112,30000,74000,0
1380,32000,34000,0
3645,26000,54000,1
3204,29000,64000,1
845,22000,56000,0
419,20000,58000,0
3212,24000,56000,1
2071,28000,64000,1
3162,35000,60000,1
3219,32000,52000,1
2388,33000,70000,1
3596,28000,50000,1
620,30000,72000,0
3901,29000,56000,1
2702,31000,38000,1
3320,21000,56000,1
2300,17000,70000,1
1201,25000,64000,0
3007,45000,60000,1
2161,37000,62000,1
189,26000,60000,0
2915,24000,46000,1
1881,26000,34000,0
1572,26000,52000,0
912,17000,44000,0
2641,43000,70000,1
740,31000,32000,0
3272,27000,78000,1
2391,28000,76000,1
2743,27000,88000,1
3367,32000,62000,1
1367,28000,42000,0
972,30000,58000,0
392,20000,52000,0
596,40000,60000,0
2811,35000,46000,1
1306,26000,60000,0
1879,25000,58000,0
249,30000,50000,0
3931,34000,54000,1
2724,34000,46000,1
2445,35000,54000,1
3716,38000,68000,1
2900,39000,66000,1
2032,37000,86000,1
1942,44000,66000,0
1600,30000,40000,0
3055,22000,52000,1
1107,36000,54000,0
1927,22000,62000,0
102,24000,46000,0
1824,34000,44000,0
358,33000,78000,0
2917,23000,76000,1
341,28000,58000,0
1544,25000,60000,0
1175,31000,56000,0
2039,33000,56000,1
2912,22000,30000,1
1680,36000,56000,0
2425,29000,48000,1
2318,41000,50000,1
515,31000,58000,0
3321,27000,82000,1
244,26000,60000,0
928,34000,60000,0
3474,29000,66000,1
2549,33000,62000,1
1225,30000,54000,0
271,30000,66000,0
3754,26000,58000,1
3460,35000,50000,1
1323,35000,42000,0
2015,27000,58000,1
1812,25000,46000,0
2844,28000,58000,1
2924,26000,32000,1
84,32000,62000,0
993,34000,60000,0
2547,27000,70000,1
3944,42000,62000,1
2045,32000,58000,1
70,27000,68000,0
1432,20000,74000,0
1980,29000,70000,0
2399,27000,54000,1
1987,38000,74000,0
1666,27000,68000,0
1378,27000,60000,0
2753,30000,56000,1
2949,23000,66000,1
3502,35000,36000,1
1963,26000,64000,0
2798,33000,52000,1
3774,26000,36000,1
3998,27000,56000,1
351,22000,68000,0
436,41000,62000,0
93,28000,52000,0
3473,21000,46000,1
234,30000,54000,0
3725,32000,90000,1
2813,40000,54000,1
1473,27000,74000,0
2588,29000,66000,1
1060,26000,42000,0
1267,26000,54000,0
2311,39000,50000,1
3915,30000,62000,1
3846,26000,84000,1
2083,26000,68000,1
174,34000,60000,0
52,20000,40000,0
899,30000,58000,0
3220,35000,58000,1
1838,32000,62000,0
1875,29000,58000,0
1996,31000,60000,0
3464,37000,66000,1
3742,35000,52000,1
2446,27000,84000,1
3737,41000,58000,1
422,25000,58000,0
2094,25000,48000,1
3068,26000,56000,1
3190,15000,56000,1
688,24000,38000,0
1008,31000,60000,0
1141,34000,62000,0
2564,24000,52000,1
2369,30000,44000,1
2063,23000,58000,1
2272,26000,84000,1
1423,41000,38000,0
331,25000,54000,0
159,39000,52000,0
2001,30000,34000,1
1285,35000,74000,0
662,32000,68000,0
3279,36000,68000,1
2697,19000,56000,1
2965,30000,68000,1
2846,32000,82000,1
2645,29000,52000,1
3614,33000,58000,1
1576,33000,54000,0
1092,31000,32000,0
3613,26000,48000,1
3485,34000,54000,1
3918,31000,62000,1
125,25000,58000,0
1471,32000,74000,0
1192,35000,60000,0
998,20000,46000,0
2815,45000,74000,1
2400,32000,56000,1
3168,33000,64000,1
3322,23000,62000,1
2080,34000,42000,1
1743,30000,64000,0
2035,29000,62000,1
413,35000,54000,0
3149,38000,74000,1
3789,25000,60000,1
1823,35000,40000,0
3330,27000,54000,1
294,38000,62000,0
2699,15000,56000,1
2874,18000,50000,1
1355,29000,52000,0
965,40000,60000,0
3188,25000,64000,1
3956,25000,62000,1
1764,25000,62000,0
1179,34000,60000,0
1129,36000,64000,0
3509,28000,48000,1
357,22000,74000,0
3584,32000,68000,1
3808,36000,70000,1
2097,29000,60000,1
593,31000,38000,0
3230,27000,54000,1
3663,38000,62000,1
2649,27000,48000,1
1791,34000,42000,0
173,31000,82000,0
2660,27000,42000,1
3570,20000,54000,1
1483,21000,60000,0
3765,20000,56000,1
1140,32000,62000,0
1190,35000,50000,0
3419,27000,30000,1
2958,35000,50000,1
2293,29000,54000,1
2482,33000,48000,1
3699,31000,50000,1
3970,39000,84000,1
3542,22000,36000,1
2073,35000,36000,1
2690,28000,62000,1
2674,34000,86000,1
1897,35000,80000,0
3487,32000,42000,1
2569,28000,60000,1
3155,29000,78000,1
1656,39000,62000,0
933,28000,60000,0
2963,31000,58000,1
3972,16000,60000,1
3228,34000,30000,1
3423,29000,60000,1
780,25000,80000,0
3429,21000,54000,1
1453,38000,76000,0
2199,25000,44000,1
2492,28000,88000,1
3638,33000,56000,1
741,28000,62000,0
3946,29000,80000,1
2126,25000,52000,1
808,29000,56000,0
3059,27000,68000,1
1859,33000,40000,0
807,26000,66000,0
2458,25000,52000,1
1855,29000,54000,0
3828,44000,60000,1
88,35000,58000,0
1573,35000,30000,0
2491,33000,70000,1
760,36000,58000,0
2906,31000,58000,1
3284,29000,54000,1
3964,29000,52000,1
916,24000,74000,0
890,42000,44000,0
3276,28000,88000,1
1954,25000,54000,0
3609,36000,86000,1
732,21000,56000,0
776,26000,34000,0
1210,30000,56000,0
144,38000,50000,0
1771,23000,68000,0
3831,32000,56000,1
792,42000,58000,0
3348,33000,64000,1
3524,28000,62000,1
3767,30000,56000,1
3200,25000,64000,1
3680,19000,66000,1
23,33000,30000,0
3226,38000,76000,1
1222,32000,60000,0
114,28000,76000,0
2409,28000,64000,1
3288,25000,54000,1
603,39000,64000,0
825,34000,60000,0
3569,18000,62000,1
1302,35000,62000,0
2263,29000,54000,1
2335,35000,54000,1
724,35000,40000,0
2655,28000,56000,1
901,35000,60000,0
959,26000,64000,0
2082,26000,54000,1
645,25000,60000,0
675,44000,68000,0
986,32000,70000,0
656,32000,42000,0
1586,29000,58000,0
322,26000,60000,0
2224,32000,70000,1
3457,27000,58000,1
353,18000,56000,0
1701,29000,62000,0
425,38000,60000,0
1637,38000,46000,0
1888,30000,50000,0
590,22000,60000,0
1646,44000,78000,0
1072,34000,58000,0
117,29000,44000,0
354,25000,64000,0
3081,28000,56000,1
652,35000,54000,0
2014,27000,50000,1
3381,29000,52000,1
2471,33000,42000,1
1896,19000,56000,0
300,32000,60000,0
615,39000,56000,0
25,33000,60000,0
3719,37000,54000,1
427,34000,58000,0
3818,28000,64000,1
3513,37000,58000,1
3836,27000,72000,1
71,18000,48000,0
1065,22000,50000,0
153,30000,40000,0
2086,18000,58000,1
2104,36000,54000,1
1133,28000,88000,0
2677,30000,46000,1
40,21000,42000,0
2829,25000,38000,1
2966,33000,42000,1
636,23000,76000,0
1164,31000,84000,0
2420,26000,52000,1
1383,30000,64000,0
145,36000,54000,0
1668,32000,70000,0
1989,26000,54000,0
3820,23000,58000,1
1738,26000,62000,0
1232,26000,52000,0
2123,25000,60000,1
2879,28000,56000,1
1878,40000,70000,0
946,35000,68000,0
1089,34000,64000,0
2487,36000,58000,1
140,31000,30000,0
2234,38000,56000,1
2579,38000,68000,1
563,31000,88000,0
1488,28000,52000,0
118,32000,60000,0
1123,35000,62000,0
1082,31000,86000,0
1536,40000,58000,0
3766,40000,90000,1
3216,28000,74000,1
138,22000,38000,0
3880,33000,90000,1
1639,25000,50000,0
1848,32000,62000,0
653,33000,36000,0
3813,33000,82000,1
1978,26000,82000,0
2597,27000,70000,1
3678,24000,70000,1
3071,29000,44000,1
1269,44000,54000,0
3054,27000,52000,1
605,29000,56000,0
3776,28000,62000,1
2648,26000,42000,1
1904,31000,70000,0
1328,30000,48000,0
738,28000,52000,0
3063,32000,64000,1
1629,31000,64000,0
658,27000,62000,0
406,32000,60000,0
3018,34000,62000,1
3762,27000,50000,1
3688,32000,58000,1
529,29000,44000,0
1332,30000,58000,0
3804,28000,30000,1
1698,29000,60000,0
2483,35000,58000,1
3412,29000,90000,1
1174,29000,54000,0
1660,35000,86000,0
2358,32000,54000,1
3703,23000,62000,1
1854,37000,52000,0
2228,30000,54000,1
2665,39000,42000,1
1446,25000,84000,0
3467,28000,56000,1
2509,28000,32000,1
925,26000,54000,0
743,27000,56000,0
1264,25000,82000,0
1957,23000,56000,0
2017,28000,38000,1
2816,36000,46000,1
2074,35000,46000,1
2604,24000,54000,1
773,33000,44000,0
3396,28000,44000,1
3510,30000,38000,1
3883,34000,54000,1
854,29000,68000,0
2052,21000,44000,1
2135,20000,40000,1
774,30000,78000,0
3585,29000,44000,1
2535,24000,62000,1
2525,29000,72000,1
2777,19000,54000,1
622,31000,54000,0
3558,29000,60000,1
2574,23000,60000,1
3705,21000,58000,1
1299,36000,64000,0
3006,32000,70000,1
2851,21000,52000,1
1992,26000,60000,0
1564,30000,58000,0
3434,26000,64000,1
1924,25000,68000,0
2497,15000,56000,1
315,28000,58000,0
3255,17000,56000,1
2312,26000,70000,1
1874,28000,68000,0
1676,34000,60000,0
3315,32000,72000,1
1763,19000,30000,0
2826,26000,54000,1
3933,35000,36000,1
2818,29000,30000,1
1010,42000,58000,0
1540,31000,54000,0
2498,44000,66000,1
502,29000,62000,0
1501,40000,64000,0
3985,34000,68000,1
3971,44000,78000,1
949,28000,76000,0
1271,31000,66000,0
813,27000,50000,0
1391,38000,86000,0
1053,34000,70000,0
579,31000,84000,0
3151,27000,90000,1
3427,29000,32000,1
2186,28000,56000,1
2160,28000,72000,1
1213,34000,66000,0
146,30000,54000,0
2406,34000,58000,1
3325,41000,66000,1
2398,34000,66000,1
1797,26000,38000,0
1890,21000,58000,0
1770,25000,60000,0
2165,18000,64000,1
1617,24000,68000,0
3080,28000,74000,1
3792,25000,62000,1
2242,27000,62000,1
1721,32000,58000,0
3670,20000,50000,1
452,32000,58000,0
869,18000,60000,0
3019,19000,76000,1
1577,19000,56000,0
3035,18000,74000,1
2136,21000,62000,1
2057,28000,70000,1
2434,32000,52000,1
2854,29000,52000,1
999,33000,50000,0
489,20000,64000,0
3373,15000,70000,1
1742,39000,32000,0
3798,15000,46000,1
1046,36000,82000,0
3100,28000,54000,1
2619,25000,54000,1
763,32000,54000,0
1131,29000,36000,0
434,20000,62000,0
2840,29000,76000,1
827,28000,66000,0
3421,26000,74000,1
3478,30000,48000,1
2689,39000,46000,1
194,34000,44000,0
1230,30000,54000,0
2861,19000,32000,1
421,27000,62000,0
3302,27000,60000,1
2102,17000,56000,1
1456,28000,62000,0
1491,31000,78000,0
855,30000,62000,0
253,25000,48000,0
1661,28000,62000,0
2575,29000,50000,1
2766,38000,52000,1
578,30000,38000,0
2935,34000,54000,1
2070,30000,62000,1
2012,21000,38000,1
2632,33000,50000,1
2598,20000,70000,1
1474,20000,68000,0
1768,25000,58000,0
1288,31000,74000,0
2576,28000,56000,1
1632,25000,58000,0
3548,33000,54000,1
938,30000,80000,0
2784,38000,80000,1
3237,34000,44000,1
2146,20000,40000,1
920,21000,52000,0
969,30000,78000,0
1940,30000,60000,0
3791,29000,76000,1
1206,20000,40000,0
3008,34000,68000,1
1960,15000,48000,0
340,24000,60000,0
3654,29000,64000,1
2152,35000,80000,1
3587,28000,40000,1
299,33000,54000,0
303,26000,64000,0
3999,19000,60000,1
915,26000,66000,0
1582,34000,68000,0
190,35000,64000,0
3301,25000,62000,1
1281,31000,48000,0
2678,27000,50000,1
2613,34000,48000,1
2875,29000,58000,1
2211,27000,76000,1
954,30000,62000,0
2659,44000,54000,1
1861,24000,68000,0
1622,21000,62000,0
3365,39000,30000,1
1566,30000,50000,0
1240,35000,50000,0
1538,30000,54000,0
3096,28000,56000,1
606,30000,74000,0
2654,29000,58000,1
2375,25000,38000,1
2560,30000,46000,1
1530,29000,60000,0
3086,29000,54000,1
99,30000,56000,0
2607,25000,58000,1
1478,38000,68000,0
2517,39000,54000,1
3890,42000,30000,1
917,30000,58000,0
3437,35000,78000,1
143,34000,56000,0
3205,35000,70000,1
377,32000,54000,0
2948,31000,56000,1
1508,25000,52000,0
3560,23000,40000,1
458,31000,80000,0
1841,27000,52000,0
205,42000,68000,0
3942,42000,56000,1
3882,36000,58000,1
105,23000,58000,0
769,33000,46000,0
1928,44000,46000,0
777,29000,60000,0
2297,29000,74000,1
1951,38000,44000,0
1347,17000,60000,0
3829,28000,70000,1
2339,36000,64000,1
1260,29000,66000,0
666,34000,54000,0
756,31000,48000,0
2748,30000,54000,1
2711,33000,82000,1
3157,29000,52000,1
1773,35000,48000,0
2261,22000,56000,1
169,27000,38000,0
1498,34000,60000,0
368,31000,66000,0
3318,31000,46000,1
752,35000,58000,0
3286,22000,76000,1
3278,27000,50000,1
1837,29000,66000,0
1817,43000,50000,0
3375,29000,60000,1
1578,23000,60000,0
1101,33000,58000,0
2134,32000,50000,1
2105,27000,54000,1
2559,29000,54000,1
1528,32000,52000,0
472,25000,62000,0
156,29000,66000,0
1916,20000,58000,0
1587,27000,60000,0
2736,28000,58000,1
3164,37000,58000,1
130,33000,60000,0
3868,38000,56000,1
3921,26000,82000,1
3996,18000,34000,1
1312,31000,68000,0
2662,19000,64000,1
1433,34000,58000,0
762,27000,78000,0
1947,31000,58000,0
1248,32000,54000,0
3311,28000,56000,1
3475,28000,64000,1
721,33000,50000,0
3058,28000,58000,1
119,43000,62000,0
103,17000,64000,0
375,26000,62000,0
3639,40000,58000,1
1785,43000,70000,0
1319,31000,54000,0
581,30000,84000,0
3799,32000,70000,1
3425,35000,66000,1
1081,30000,58000,0
3022,22000,70000,1
1076,34000,50000,0
1389,23000,64000,0
2650,29000,54000,1
1605,38000,68000,0
3177,44000,72000,1
3720,28000,58000,1
2500,23000,58000,1
2296,24000,54000,1
2513,29000,58000,1
2348,20000,32000,1
316,25000,68000,0
3181,35000,50000,1
90,29000,60000,0
3607,24000,38000,1
2417,34000,40000,1
549,34000,84000,0
1084,29000,48000,0
1311,27000,56000,0
2923,29000,64000,1
2636,21000,54000,1
1558,28000,52000,0
2772,18000,64000,1
1066,25000,54000,0
3937,30000,54000,1
500,25000,66000,0
2196,31000,66000,1
3366,34000,66000,1
432,29000,62000,0
761,35000,38000,0
2617,34000,64000,1
1847,35000,50000,0
857,38000,80000,0
1043,31000,62000,0
430,37000,60000,0
168,38000,62000,0
2862,28000,52000,1
3695,25000,66000,1
2429,23000,52000,1
2601,29000,68000,1
1078,30000,60000,0
3802,28000,50000,1
2723,30000,60000,1
3857,34000,56000,1
1579,31000,70000,0
2631,32000,60000,1
371,28000,86000,0
1839,30000,62000,0
2758,32000,72000,1
2583,33000,54000,1
1135,31000,70000,0
3032,35000,52000,1
2027,29000,68000,1
66,36000,48000,0
13,31000,52000,0
1405,43000,64000,0
3689,27000,54000,1
1428,29000,60000,0
3341,29000,72000,1
2411,15000,56000,1
1800,30000,54000,0
263,29000,58000,0
2156,43000,46000,1
2860,20000,86000,1
250,40000,62000,0
655,28000,76000,0
2280,29000,54000,1
29,18000,56000,0
412,29000,50000,0
685,31000,58000,0
3097,31000,66000,1
3005,20000,54000,1
3523,34000,56000,1
3949,26000,66000,1
483,27000,58000,0
3533,27000,54000,1
3660,21000,52000,1
730,26000,48000,0
1390,33000,58000,0
1088,28000,62000,0
1134,31000,78000,0
202,35000,64000,0
2284,29000,60000,1
